images_002/00003547_001.png 0 0 0 0 0 1 0 0 0 0 0 0 0 0
images_012/00028722_001.png 0 0 0 0 0 0 0 0 0 0 0 0 0 0
images_005/00011391_030.png 0 0 0 0 0 0 0 0 0 0 0 0 0 0
images_010/00021362_002.png 0 0 0 1 0 0 0 0 0 0 0 0 0 0
images_009/00019675_000.png 0 0 0 0 0 0 0 0 0 0 0 0 1 0
images_005/00009892_048.png 0 0 0 0 0 1 0 0 0 0 0 0 0 0
images_003/00005286_000.png 0 0 0 0 0 0 0 0 0 0 0 0 0 0
images_010/00021374_018.png 1 0 0 1 0 0 0 1 0 0 0 0 0 0
images_012/00028644_007.png 0 0 0 0 0 0 0 0 0 0 0 0 0 0
images_008/00016798_001.png 1 1 1 0 0 0 0 1 0 0 0 0 0 0
images_007/00015742_000.png 0 0 0 0 0 0 0 0 0 0 0 0 0 0
images_011/00025479_001.png 0 0 0 0 0 0 0 0 0 0 0 0 0 0
images_002/00003818_001.png 0 0 0 0 0 0 0 0 0 0 0 0 0 0
images_002/00001900_002.png 0 0 0 0 0 0 0 0 0 0 0 0 0 0
images_004/00007728_001.png 0 0 0 0 0 0 0 0 0 0 0 0 0 0
images_003/00004445_000.png 0 0 0 0 0 0 0 0 0 0 0 0 0 0
images_010/00023557_000.png 0 0 0 0 0 0 0 0 0 0 0 0 0 0
images_006/00012001_003.png 1 0 0 0 0 0 0 0 0 0 0 0 0 0
images_006/00012087_052.png 0 0 0 0 1 0 0 1 0 0 0 0 0 0
images_008/00016453_000.png 0 0 1 0 0 0 0 0 0 0 0 0 0 0
images_004/00007405_003.png 0 0 0 0 1 0 0 0 1 0 0 0 0 0
images_005/00010738_000.png 0 0 0 1 0 0 0 0 0 0 0 0 0 0
images_007/00014112_018.png 0 0 0 1 0 0 0 0 0 0 0 0 0 0
images_003/00004006_062.png 0 0 0 0 0 0 0 0 0 0 0 0 0 0
images_003/00006088_000.png 0 0 0 0 0 0 0 0 0 0 0 0 0 0
images_007/00015643_001.png 0 0 0 0 1 0 0 0 0 0 0 0 0 0
images_004/00007667_000.png 0 0 0 0 0 0 0 0 0 0 1 0 0 0
images_006/00011727_001.png 0 0 0 0 0 0 0 0 0 0 0 0 0 0
images_002/00002323_002.png 1 0 0 0 0 0 0 1 0 0 1 0 0 0
images_002/00002981_001.png 1 0 0 0 0 0 0 0 0 0 0 0 0 0
images_001/00001184_000.png 0 0 0 0 0 0 0 0 0 0 0 0 0 0
images_001/00000248_015.png 0 0 0 0 1 0 0 0 0 0 0 0 0 0
images_007/00014294_008.png 0 0 0 0 0 0 0 0 0 0 0 0 0 0
images_008/00016991_005.png 1 0 1 0 0 0 0 0 0 0 0 0 0 0
images_004/00007676_014.png 0 0 0 0 0 0 0 1 0 0 0 0 0 0
images_011/00026259_001.png 0 0 0 1 0 0 0 0 0 0 0 0 0 0
images_012/00029594_001.png 0 0 0 0 0 0 0 0 0 0 0 0 0 0
images_007/00013917_021.png 0 0 1 0 0 0 0 0 0 0 0 0 0 0
images_006/00011629_000.png 0 0 0 0 0 0 0 0 0 0 0 0 0 0
images_008/00017235_007.png 0 0 0 0 1 0 0 0 0 0 0 0 0 0
images_006/00013625_045.png 0 0 0 0 0 0 0 0 0 0 0 0 0 0
images_005/00010179_006.png 0 0 0 0 0 0 0 0 0 0 0 0 0 0
images_008/00016452_006.png 0 0 0 0 0 0 0 0 0 0 0 0 0 0
images_008/00017747_011.png 0 0 0 1 0 0 0 1 0 0 0 0 0 0
images_009/00019765_000.png 0 0 0 0 0 0 0 0 0 0 0 0 0 0
images_006/00011597_003.png 0 0 1 0 0 0 0 0 0 0 0 0 0 0
images_005/00009397_005.png 0 0 0 1 0 0 0 0 0 0 0 0 0 0
images_011/00026132_026.png 0 0 1 1 0 0 0 1 0 0 0 0 0 0
images_005/00009473_000.png 0 0 0 0 0 0 0 0 0 0 0 0 0 0
images_012/00029727_002.png 0 0 0 0 0 0 0 0 0 0 0 0 0 0
images_008/00017158_042.png 0 0 0 0 0 0 0 0 0 0 0 0 0 0
images_007/00013875_004.png 0 0 0 1 0 0 0 0 0 0 0 0 0 0
images_010/00021404_000.png 0 0 0 1 0 0 0 0 0 0 0 0 0 0
images_003/00005532_048.png 0 0 0 0 0 0 0 0 0 0 0 0 0 0
images_002/00003662_007.png 0 0 0 1 0 0 0 0 0 0 0 0 0 0
images_006/00011993_000.png 0 0 0 0 0 1 0 0 0 0 0 0 0 0
images_009/00019348_007.png 0 0 0 0 0 0 0 0 0 0 0 0 0 0
images_004/00007550_000.png 0 0 0 0 0 0 0 0 0 0 0 0 0 0
images_010/00021857_002.png 0 0 0 1 0 0 0 0 0 0 0 0 0 0
images_005/00010585_021.png 0 0 0 0 0 0 0 0 0 0 0 0 0 0
images_008/00018137_002.png 0 0 0 0 0 0 0 0 0 0 0 0 0 0
images_008/00017036_026.png 0 0 1 1 1 0 0 0 0 0 0 0 0 0
images_003/00004413_002.png 0 0 1 0 0 0 0 0 0 0 0 0 0 0
images_007/00015376_013.png 0 0 0 1 0 0 0 0 0 0 0 0 0 0
images_003/00005274_006.png 0 0 0 0 0 0 0 0 0 0 0 0 0 0
images_012/00029027_000.png 0 0 0 0 0 0 0 0 0 0 0 0 0 0
images_001/00000890_000.png 0 0 0 0 0 0 0 0 0 0 0 0 0 0
images_002/00002692_001.png 0 0 0 0 0 0 0 0 0 0 0 0 0 0
images_008/00018027_004.png 0 0 0 0 0 0 0 0 0 0 0 0 0 0
images_001/00000744_007.png 0 0 0 0 1 0 0 1 0 0 0 0 0 0
images_012/00029469_018.png 1 0 1 0 1 0 0 0 0 0 0 0 0 0
images_002/00003002_010.png 0 0 0 0 0 1 0 0 0 0 0 0 0 0
images_003/00005773_000.png 0 0 0 0 0 0 0 0 0 0 0 0 0 0
images_003/00006275_002.png 0 0 0 0 0 0 0 0 0 0 0 0 0 0
images_006/00013594_008.png 0 0 0 0 0 0 0 0 0 0 0 0 0 0
images_005/00010319_002.png 1 0 0 1 0 0 0 0 0 0 0 0 0 0
images_006/00013305_003.png 0 0 0 0 0 0 0 0 0 0 0 0 0 0
images_008/00016134_008.png 0 0 0 0 0 0 0 0 0 0 0 0 0 0
images_003/00004291_000.png 0 1 0 0 0 0 0 0 0 0 0 0 0 0
images_009/00020840_001.png 0 0 0 0 0 0 0 0 0 0 0 0 0 0
images_002/00002773_000.png 0 0 0 0 0 0 0 0 0 0 0 0 0 0
images_009/00019004_001.png 0 0 0 0 0 0 0 0 0 0 0 0 0 0
images_010/00021554_000.png 0 0 0 0 0 0 0 0 0 0 0 0 0 0
images_003/00003989_013.png 0 1 0 1 0 0 0 0 0 0 0 0 0 0
images_012/00030108_000.png 0 0 0 0 0 0 0 0 0 0 0 0 0 0
images_006/00012573_013.png 0 0 0 0 0 0 0 0 0 0 0 0 0 0
images_002/00002554_001.png 0 0 0 0 0 0 0 0 0 0 0 0 0 0
images_006/00013615_045.png 1 0 0 0 0 0 0 0 0 0 0 0 0 0
images_009/00020685_000.png 0 0 1 0 0 0 0 0 1 0 0 0 0 0
images_008/00016468_002.png 1 0 0 0 0 1 0 0 0 0 0 0 0 0
images_012/00028785_003.png 0 0 0 1 0 0 0 0 0 0 0 0 0 0
images_008/00016719_021.png 0 0 0 1 0 0 0 0 0 0 0 0 0 0
images_003/00004735_006.png 0 0 0 0 0 0 0 0 0 0 0 0 1 0
images_008/00016057_003.png 0 0 0 0 0 0 0 0 0 0 0 0 0 0
images_005/00010661_000.png 1 0 1 1 0 1 0 0 0 0 0 0 1 0
images_005/00010060_018.png 0 0 0 1 0 0 0 0 0 0 0 0 0 0
images_004/00007321_006.png 0 0 0 0 0 1 0 0 0 0 0 0 0 0
images_011/00027481_000.png 0 0 0 0 0 0 0 0 0 0 0 0 0 0
images_012/00030029_002.png 0 0 0 1 0 0 0 0 0 0 0 0 0 0
images_004/00008597_001.png 0 0 0 0 0 0 0 0 0 0 0 0 0 0
images_009/00019203_003.png 0 0 0 1 0 0 0 0 0 0 0 0 0 0
images_006/00012423_000.png 0 0 0 0 1 0 0 0 0 0 0 0 0 1
images_003/00005308_000.png 0 0 0 0 0 0 0 0 0 0 0 0 0 0
images_011/00027657_012.png 0 0 0 1 0 0 0 0 0 0 0 0 0 0
images_011/00026587_001.png 0 0 0 0 0 0 0 0 0 0 0 0 0 0
images_004/00007857_012.png 0 0 0 1 0 0 0 0 1 1 0 0 0 0
images_010/00022431_005.png 0 0 0 0 0 0 0 0 0 0 1 1 0 0
images_002/00002015_006.png 0 0 0 0 0 0 0 0 0 0 0 0 1 0
images_004/00008524_000.png 0 0 0 0 0 0 0 0 0 0 0 0 0 0
images_011/00025895_003.png 1 0 0 0 0 0 0 0 0 0 0 0 0 0
images_002/00001787_014.png 0 0 0 0 0 0 0 0 0 0 0 0 0 0
images_005/00010827_000.png 0 0 0 1 0 0 0 0 0 0 0 0 0 0
images_004/00008042_011.png 0 0 0 0 0 0 0 0 0 0 0 0 0 0
images_002/00003281_001.png 0 0 0 0 0 0 0 0 0 0 0 0 0 0
images_009/00019364_000.png 0 0 0 0 0 0 0 0 0 0 0 0 0 0
images_004/00006679_006.png 0 0 0 0 0 0 0 0 0 0 0 0 0 0
images_002/00001620_004.png 0 0 0 0 0 0 0 0 0 0 0 0 0 0
images_007/00014647_010.png 1 0 0 0 0 0 0 0 0 0 0 0 0 0
images_003/00004579_002.png 0 0 0 0 0 0 0 0 0 0 0 0 0 0
images_010/00022072_010.png 0 0 0 0 0 0 0 0 0 0 0 0 0 0
images_009/00020706_001.png 1 0 1 1 0 0 0 0 0 0 0 0 0 0
images_004/00008911_006.png 0 0 0 0 0 0 0 0 0 0 0 0 0 0
images_004/00007418_004.png 0 0 0 0 0 0 0 0 0 0 0 0 0 0
images_004/00008371_003.png 1 0 1 1 1 1 0 0 0 0 0 0 0 0
images_010/00022255_000.png 0 0 0 0 0 0 0 0 0 0 0 0 0 0
images_012/00028197_000.png 0 0 0 0 0 0 0 0 0 0 0 0 0 0
images_005/00010012_012.png 0 0 0 0 0 0 0 0 0 0 0 0 0 0
images_005/00011365_000.png 0 0 0 0 0 0 0 0 0 0 0 0 0 0
images_005/00010723_008.png 0 0 0 0 0 0 0 0 0 0 0 0 1 0
images_002/00001689_008.png 0 0 0 0 0 0 0 0 0 0 0 0 0 0
images_003/00005376_003.png 0 0 0 0 0 0 0 1 0 0 0 0 1 0
images_006/00012704_000.png 0 0 0 0 0 1 0 0 0 0 0 0 0 0
images_009/00018860_017.png 0 0 0 0 0 0 0 0 0 0 0 0 1 0
images_005/00010690_001.png 0 0 0 0 0 0 0 1 0 0 0 0 0 0
images_008/00017698_000.png 1 0 0 0 0 0 0 0 0 0 0 0 0 0
images_007/00014789_000.png 0 0 0 0 0 0 0 0 0 0 0 0 0 0
images_010/00021367_000.png 0 0 1 0 0 0 0 0 0 0 0 0 0 0
images_005/00010540_000.png 0 0 0 0 0 0 0 0 0 0 0 0 0 0
images_004/00008922_023.png 0 0 0 0 0 0 0 0 0 0 0 0 0 0
images_007/00015069_002.png 0 0 0 0 0 0 0 0 0 0 0 0 0 0
images_004/00007597_001.png 0 0 0 0 0 0 0 0 0 0 1 0 0 0
images_010/00021988_008.png 0 0 0 0 0 0 0 0 0 0 0 0 0 0
images_004/00007574_001.png 0 0 0 0 0 0 0 0 0 0 0 0 0 0
images_006/00013045_000.png 0 0 0 0 0 0 0 0 0 0 0 0 0 0
images_004/00009019_000.png 0 0 0 0 0 0 0 0 0 0 0 0 0 0
images_007/00015498_001.png 0 0 0 0 0 0 0 0 0 0 0 0 0 0
images_006/00012051_002.png 0 0 0 1 0 0 0 0 0 0 0 0 0 0
images_003/00004533_009.png 0 1 0 0 0 0 0 0 0 0 0 0 0 0
images_002/00002909_002.png 0 0 0 0 0 0 0 0 0 0 0 0 0 0
images_009/00020539_001.png 0 0 0 0 0 1 0 0 0 0 0 0 0 0
images_008/00016229_000.png 0 0 0 0 0 0 0 0 0 0 0 0 0 0
images_004/00007090_002.png 0 0 0 0 0 0 0 0 0 0 0 0 0 0
images_002/00003494_004.png 0 0 0 0 0 0 0 0 1 0 0 0 0 0
images_001/00000568_000.png 0 0 0 0 0 0 0 0 0 0 0 0 0 0
images_002/00002239_006.png 1 0 0 0 0 0 0 1 0 0 0 0 0 0
images_002/00001801_000.png 0 0 0 0 0 0 0 0 0 0 0 0 0 0
images_012/00029469_006.png 1 0 0 1 0 0 0 0 0 0 0 0 0 0
images_010/00021808_002.png 0 0 0 0 0 0 0 0 1 0 0 0 0 0
images_007/00014984_000.png 0 0 0 0 0 0 0 0 0 0 1 0 0 0
images_004/00007072_000.png 0 0 0 0 0 0 0 0 0 0 0 0 0 0
images_008/00016785_005.png 0 0 1 0 0 0 0 0 0 0 1 0 0 0
images_010/00024084_000.png 0 0 0 0 0 0 0 0 0 0 0 0 0 0
images_005/00011544_006.png 0 0 1 1 0 0 0 0 0 0 0 0 0 0
images_011/00026461_005.png 0 0 0 0 0 0 0 0 0 0 0 0 0 0
images_009/00020675_001.png 0 0 0 0 0 0 0 0 0 0 0 0 0 0
images_003/00005962_004.png 0 0 0 0 0 0 0 0 0 0 0 0 0 0
images_010/00024596_000.png 0 0 0 0 0 0 0 0 0 0 0 0 0 0
images_009/00018766_014.png 0 0 0 1 0 0 0 0 0 0 0 0 0 0
images_009/00020370_000.png 0 0 0 0 0 0 0 0 0 0 0 0 0 0
images_005/00010530_017.png 0 0 1 0 0 0 0 0 0 0 0 0 0 0
images_005/00009864_000.png 0 0 0 0 0 0 0 0 0 0 0 0 0 0
images_009/00020471_005.png 0 0 0 0 0 1 0 0 0 0 0 1 0 0
images_007/00015994_000.png 0 0 0 0 0 0 0 0 0 0 0 0 0 0
images_009/00019092_018.png 0 0 0 0 0 0 0 0 0 0 0 0 0 0
images_004/00008852_003.png 0 1 1 0 0 0 0 0 0 0 0 0 0 0
images_005/00009987_004.png 0 0 0 1 0 0 1 0 0 1 0 0 0 0
images_008/00016934_019.png 0 0 0 1 0 0 0 0 0 0 0 0 0 0
images_010/00022201_000.png 0 0 0 0 0 0 1 0 0 0 0 0 0 0
images_002/00003574_013.png 0 0 0 0 0 0 0 1 0 0 0 0 0 0
images_010/00022528_008.png 0 0 1 0 0 1 0 0 1 0 0 0 0 0
images_009/00019124_074.png 0 0 0 0 1 0 0 0 0 0 0 0 0 0
images_004/00008036_006.png 0 0 0 0 0 0 0 0 0 0 0 0 0 0
images_005/00010092_035.png 0 0 0 1 0 0 1 0 0 0 0 0 0 0
images_002/00003355_000.png 0 0 0 0 0 0 0 0 0 0 0 0 0 0
images_007/00014713_000.png 0 0 0 0 0 0 0 0 0 0 0 0 0 0
images_010/00023903_000.png 0 0 0 0 0 0 0 0 0 0 0 0 0 0
images_009/00019952_006.png 0 0 0 0 0 0 0 0 0 0 0 0 0 0
images_012/00030522_000.png 0 0 0 0 0 0 0 0 0 0 0 0 0 0
images_002/00001808_000.png 0 0 0 0 1 0 0 0 0 0 0 0 0 0
images_003/00005864_001.png 0 0 0 0 0 0 0 0 0 0 0 0 0 0
images_008/00018006_006.png 0 0 0 0 0 0 0 0 0 0 0 0 0 0
images_005/00010657_002.png 0 0 0 0 0 0 0 0 0 0 0 0 0 0
images_003/00006208_000.png 0 0 0 0 0 0 0 0 0 0 0 0 0 0
images_011/00025603_002.png 0 0 0 1 0 0 0 0 0 0 0 0 0 0
images_008/00017138_088.png 0 0 0 0 0 0 0 1 0 0 0 0 0 0
images_004/00008136_000.png 0 0 0 0 0 0 0 0 0 0 0 0 0 0
images_006/00013111_043.png 0 0 0 0 0 0 0 0 0 0 0 0 0 0
images_009/00019894_036.png 0 0 0 0 0 0 0 0 0 0 0 0 0 0
images_012/00028584_000.png 0 0 0 1 0 0 0 0 0 0 0 0 0 0
images_005/00011351_011.png 0 0 0 1 0 0 0 0 0 0 0 0 0 0
images_012/00029292_000.png 1 0 0 0 0 0 0 0 0 0 0 0 0 0
images_003/00004337_000.png 0 0 0 0 0 0 0 0 0 0 0 0 0 0
images_005/00009302_015.png 0 0 0 1 0 0 0 0 0 0 0 0 0 0
images_007/00015061_000.png 0 0 0 1 0 0 0 0 0 0 0 0 0 0
images_005/00009574_018.png 1 0 0 0 0 0 0 0 0 0 0 0 0 0
images_006/00012848_004.png 0 0 0 0 0 0 0 0 1 0 0 0 0 0
images_009/00019176_036.png 1 0 1 0 0 0 0 0 1 0 0 0 0 0
images_005/00011436_005.png 0 0 0 1 0 0 0 0 1 0 0 0 0 0
images_002/00002356_011.png 0 0 0 0 0 0 0 0 0 0 0 0 0 0
images_007/00015911_016.png 0 0 0 0 0 0 0 0 0 0 0 0 0 0
images_011/00026184_000.png 0 0 0 1 0 0 0 0 0 0 0 0 0 0
images_002/00002248_001.png 0 0 0 0 0 0 0 0 1 0 0 0 0 0
images_001/00000652_017.png 0 0 0 0 0 0 0 0 0 0 0 0 0 0
images_006/00012241_001.png 0 0 0 0 0 0 0 0 0 0 0 0 0 0
images_010/00024251_000.png 0 0 0 0 0 0 0 0 0 0 0 0 0 0
images_008/00017941_011.png 0 0 0 0 0 0 0 0 1 0 0 0 0 0
images_001/00000103_000.png 0 0 0 0 1 0 0 0 0 0 0 0 0 0
images_008/00016971_011.png 0 0 0 0 0 0 0 0 0 0 0 0 0 0
images_003/00004500_000.png 0 0 0 0 0 0 0 0 0 0 0 0 0 0
images_012/00028183_000.png 0 0 0 0 0 0 0 0 0 0 0 0 0 0
images_004/00008874_000.png 0 0 0 0 0 0 0 0 0 0 0 0 0 0
images_011/00026240_000.png 1 0 0 0 0 0 0 0 0 0 0 0 0 0
images_008/00017961_012.png 0 0 1 0 0 0 0 0 0 1 0 0 0 0
images_010/00023168_009.png 1 0 0 0 0 0 0 0 0 0 0 0 0 0
images_007/00013993_095.png 0 0 0 0 0 0 0 0 0 0 0 0 0 0
images_008/00016819_000.png 0 0 1 0 0 1 0 0 0 0 0 0 0 0
images_008/00016062_000.png 0 0 0 0 0 0 0 0 0 0 0 0 0 0
images_012/00029402_001.png 0 0 0 0 0 0 0 0 0 0 0 0 0 0
images_009/00019576_002.png 0 0 0 0 0 0 0 0 0 0 0 0 0 0
images_011/00026586_001.png 1 0 0 0 1 0 0 0 0 0 0 0 0 0
images_002/00001783_000.png 0 0 0 0 0 0 0 0 0 0 0 0 0 0
images_012/00030214_000.png 0 0 0 0 0 0 0 0 0 0 0 0 0 0
images_011/00025284_000.png 0 0 0 0 0 0 0 0 0 0 0 0 0 0
images_012/00028208_037.png 0 0 0 0 0 0 0 0 0 0 0 0 0 0
images_010/00022731_000.png 1 0 0 0 0 0 0 0 0 0 0 0 0 0
images_004/00009149_002.png 0 0 0 0 0 0 0 1 0 0 0 0 0 0
images_012/00028436_001.png 0 0 0 0 0 0 0 0 0 0 0 0 0 0
images_010/00023423_000.png 0 0 0 0 0 0 0 0 0 0 0 0 0 0
images_003/00003959_002.png 0 0 0 0 0 0 0 0 0 0 0 0 0 0
images_001/00000127_005.png 0 0 1 0 0 0 0 0 0 0 0 0 0 0
images_003/00006242_001.png 1 0 0 0 0 0 0 0 0 0 0 0 0 0
images_003/00004808_005.png 0 0 0 0 0 0 0 0 0 0 0 0 0 0
images_006/00012066_001.png 0 0 0 0 0 0 0 0 0 0 0 0 0 0
images_002/00002633_001.png 1 0 0 1 0 0 0 0 0 0 0 0 0 0
images_009/00020517_001.png 0 0 0 1 1 1 0 0 0 0 0 0 0 0
images_012/00030101_007.png 0 0 0 1 0 0 0 0 0 0 0 0 0 0
images_005/00010585_018.png 0 0 0 0 0 0 0 0 0 0 0 0 0 0
images_007/00015799_002.png 0 0 0 0 0 0 0 0 0 0 0 0 0 0
images_007/00014939_002.png 0 0 0 0 0 0 0 0 0 0 0 0 0 0
images_008/00017074_000.png 0 0 0 0 0 0 0 0 0 0 0 0 0 0
images_002/00001606_001.png 1 0 0 0 0 0 0 0 0 0 0 0 0 0
images_006/00012369_003.png 0 0 0 0 0 0 0 0 0 0 0 0 0 0
images_004/00008434_000.png 0 0 1 0 0 1 0 0 0 0 0 0 1 0
images_005/00010987_000.png 0 0 0 0 0 0 0 0 0 0 0 0 0 0
images_003/00006162_005.png 0 0 0 1 0 0 0 0 0 0 0 0 0 0
images_011/00026716_003.png 0 0 0 0 0 0 0 0 0 0 0 0 0 0
images_012/00030240_000.png 0 0 0 1 0 0 0 0 0 0 0 0 0 0
images_001/00000324_012.png 0 0 0 0 0 0 0 0 0 0 0 0 0 0
images_001/00000543_000.png 0 0 0 0 0 0 0 0 0 0 0 0 0 0
images_004/00009169_001.png 0 0 0 0 0 0 0 0 0 0 1 0 0 0
images_006/00013128_010.png 0 0 0 0 0 0 0 0 0 1 0 0 0 0
images_005/00010725_011.png 0 0 0 0 0 0 0 0 0 0 0 0 0 0
images_006/00012604_000.png 0 0 1 0 1 1 0 0 0 0 0 0 0 0
images_003/00004425_006.png 0 0 0 0 0 0 0 0 0 0 0 0 0 0
images_004/00006666_000.png 0 0 0 0 0 0 0 0 0 0 0 0 0 0
images_007/00014320_020.png 0 0 0 0 0 0 0 0 0 0 0 0 0 0
images_010/00021560_000.png 0 0 0 0 0 0 0 0 0 0 0 0 0 0
images_007/00014520_004.png 0 0 0 0 0 0 0 0 0 0 0 0 0 0
images_004/00007225_001.png 0 0 0 0 0 0 0 0 0 0 0 0 0 0
images_010/00024351_000.png 0 0 0 0 0 0 0 0 0 0 0 0 0 0
images_002/00003039_000.png 0 0 0 0 0 0 0 0 0 0 0 1 0 0
images_003/00004723_000.png 0 0 0 0 0 0 0 0 0 0 0 0 0 0
images_008/00017961_006.png 0 0 0 0 0 0 0 0 0 0 0 0 0 0
images_002/00003799_000.png 0 1 1 0 0 0 0 0 0 0 0 0 0 0
images_008/00016475_006.png 0 0 0 0 0 0 0 0 0 0 0 0 0 0
images_005/00010071_002.png 0 0 0 0 0 0 0 1 0 0 1 0 0 0
images_002/00003684_002.png 0 0 0 0 0 0 0 0 0 0 0 0 0 0
images_009/00020213_082.png 0 0 0 0 0 0 0 0 0 0 0 0 0 0
images_004/00008785_000.png 0 0 0 0 0 1 0 0 0 0 0 0 0 0
images_007/00013844_005.png 1 0 0 0 0 0 0 0 0 0 0 0 0 0
images_005/00011460_014.png 0 0 0 0 0 0 0 1 0 0 0 0 0 0
images_005/00010962_001.png 0 0 0 0 0 0 0 0 0 0 0 0 0 0
images_008/00016786_010.png 0 1 1 0 0 0 0 0 1 0 0 0 0 0
images_006/00013111_002.png 1 0 0 1 0 0 0 0 0 0 0 0 0 0
images_002/00003028_037.png 0 0 0 0 0 0 0 0 0 0 0 0 0 0
images_004/00008397_000.png 0 0 0 0 0 0 0 0 0 0 0 0 0 0
images_007/00014571_000.png 0 0 0 1 0 1 0 0 0 0 0 0 0 0
images_004/00008841_050.png 0 0 0 0 0 0 0 0 0 0 0 0 0 0
images_002/00001911_008.png 0 0 0 0 0 0 0 0 0 0 0 0 0 0
images_008/00018091_014.png 0 0 0 0 0 0 0 0 0 1 0 0 0 0
images_003/00004846_005.png 0 0 0 0 0 0 0 0 0 0 0 0 0 0
images_011/00027320_000.png 0 0 0 0 1 0 0 0 0 0 0 0 0 0
images_003/00004581_003.png 0 0 0 0 1 0 0 0 0 0 0 0 0 0
images_004/00008297_003.png 1 0 0 0 0 0 0 0 0 0 0 0 0 0
images_004/00007787_008.png 0 0 0 0 0 0 0 0 0 0 0 0 0 0
images_006/00012987_003.png 0 1 0 0 0 0 0 0 0 0 0 0 0 0
images_009/00019919_021.png 1 0 0 0 0 0 0 1 0 0 0 0 0 0
images_005/00011558_004.png 0 0 0 0 0 0 0 0 0 0 0 0 0 0
images_010/00022059_001.png 0 0 0 0 0 0 0 0 0 0 0 0 0 0
images_009/00019825_008.png 0 0 0 0 0 0 0 0 0 0 0 0 0 0
images_002/00003444_001.png 1 0 0 1 0 0 0 0 0 0 0 0 0 0
images_011/00026110_001.png 0 0 0 0 0 0 0 0 0 0 0 0 0 0
images_006/00011605_005.png 0 0 0 0 0 0 0 0 0 0 0 0 0 0
images_006/00012902_001.png 0 0 0 0 0 0 0 0 0 0 0 0 0 0
images_012/00030531_000.png 0 0 0 0 0 0 0 0 0 0 0 0 0 0
images_012/00029878_001.png 0 0 0 0 0 0 0 0 0 0 0 0 0 0
images_002/00001442_000.png 0 0 0 0 0 1 0 0 0 0 0 0 1 0
images_006/00012424_002.png 0 0 0 0 0 0 0 0 0 0 0 0 0 0
images_006/00013670_128.png 0 0 0 0 0 0 0 0 0 0 0 0 0 0
images_008/00016921_000.png 0 0 0 0 0 0 0 0 0 0 0 0 0 0
images_009/00019792_000.png 0 0 0 1 0 0 0 0 0 0 0 0 0 0
images_008/00016220_004.png 0 1 0 0 0 0 0 0 0 0 0 0 0 0
images_010/00021610_002.png 0 0 0 1 0 0 0 0 0 0 0 0 0 0
images_005/00010010_004.png 0 0 1 0 0 0 0 0 0 0 0 0 0 0
images_007/00013904_012.png 0 0 0 0 0 0 0 0 0 0 0 0 0 0
images_003/00005277_003.png 1 0 0 0 0 0 0 0 0 0 0 0 0 0
images_005/00009768_003.png 0 0 0 0 0 0 0 0 0 0 0 0 0 0
images_002/00002500_000.png 0 0 0 0 0 0 0 0 0 0 0 0 0 0
images_006/00012045_039.png 1 0 0 0 0 0 0 0 0 0 0 0 0 0
images_009/00020673_026.png 0 0 0 1 0 0 0 0 0 0 0 0 0 0
images_001/00001082_000.png 0 0 0 0 0 0 0 0 0 0 0 0 0 0
images_010/00022604_028.png 0 0 0 1 0 0 0 0 0 0 0 0 0 0
images_004/00007007_013.png 1 0 0 0 0 0 0 0 0 0 0 0 0 0
images_003/00004808_069.png 0 0 0 0 0 0 0 0 0 0 0 0 0 0
images_006/00012343_002.png 0 0 0 0 0 0 0 0 0 0 0 0 0 0
images_005/00010190_007.png 0 0 0 1 0 0 1 0 0 0 0 0 0 0
images_011/00026833_002.png 0 0 0 0 1 0 0 0 0 0 0 0 1 0
images_003/00005218_023.png 0 0 0 0 0 1 0 0 0 0 0 0 0 0
images_001/00000468_028.png 1 0 0 0 0 0 0 0 0 0 0 0 0 0
images_005/00010308_001.png 0 0 0 0 0 0 0 0 0 0 0 0 0 0
images_008/00017552_000.png 0 0 0 0 0 0 0 0 0 0 0 0 0 0
images_007/00014721_010.png 0 0 0 0 0 0 0 0 0 0 0 0 0 0
images_008/00017961_013.png 0 0 0 0 0 0 0 0 0 0 0 0 0 0
images_004/00006667_001.png 0 0 1 0 0 0 0 0 0 0 0 0 0 0
images_012/00028197_001.png 0 0 0 0 0 0 0 0 0 0 0 0 0 0
images_001/00001210_000.png 0 0 0 0 0 0 0 0 0 0 0 0 0 0
images_009/00019493_000.png 0 0 0 0 0 1 0 0 0 0 0 0 0 0
images_007/00015443_002.png 0 0 0 0 0 0 0 0 0 0 0 0 0 0
images_008/00018136_000.png 0 0 0 0 1 0 0 0 0 0 0 0 0 0
images_011/00024728_000.png 0 0 0 0 0 0 0 0 0 0 0 0 0 0
images_004/00008814_001.png 0 0 0 0 0 0 0 0 0 0 0 0 0 0
images_010/00023050_002.png 0 0 0 1 0 0 0 0 0 0 0 0 0 0
images_006/00011719_017.png 0 0 0 0 0 0 0 0 0 0 0 0 0 0
images_012/00028368_000.png 0 0 0 0 0 0 0 0 0 0 0 0 0 0
images_007/00014393_001.png 0 0 0 0 0 0 0 0 0 0 1 0 0 0
images_009/00019750_027.png 0 0 0 0 0 0 0 0 0 0 0 0 0 0
images_010/00024419_000.png 0 0 0 0 0 0 0 0 0 0 0 0 0 0
images_001/00000450_008.png 0 0 0 0 0 0 0 0 0 0 0 0 0 0
images_002/00003646_000.png 0 0 0 0 0 0 0 0 0 0 0 0 0 0
images_009/00019576_036.png 0 0 0 1 0 0 0 0 0 0 0 0 0 0
images_004/00009134_000.png 0 0 0 0 0 0 0 0 0 0 0 0 0 0
images_002/00002003_003.png 0 0 0 0 0 0 0 0 0 0 0 0 0 0
images_003/00006129_000.png 0 1 0 0 0 0 0 0 0 0 0 0 0 0
images_012/00029180_000.png 0 0 0 0 0 0 0 0 0 0 0 0 0 0
images_011/00025227_002.png 1 0 1 1 0 0 0 0 0 0 0 0 0 0
images_008/00016521_003.png 0 0 1 0 0 0 0 0 1 0 0 0 0 0
images_002/00003394_003.png 0 0 0 0 0 0 0 0 0 0 0 0 0 0
images_004/00006794_002.png 0 0 0 0 0 1 0 0 0 0 0 0 0 0
images_012/00030322_000.png 0 0 0 0 0 0 0 0 0 0 0 0 0 0
images_004/00006784_001.png 0 0 0 0 0 0 0 0 0 0 0 0 0 0
images_007/00014208_005.png 0 0 0 0 0 0 0 0 0 0 0 0 0 0
images_012/00030683_000.png 1 0 0 0 0 0 0 0 0 0 0 0 0 0
images_009/00018543_016.png 0 0 0 0 0 0 0 0 0 0 0 0 0 0
images_009/00018972_052.png 0 0 0 0 0 0 0 0 0 1 0 0 0 0
images_012/00028912_001.png 0 0 0 0 0 0 0 0 0 0 0 0 0 0
images_009/00020287_000.png 0 0 0 0 0 0 0 0 0 0 0 0 0 0
images_005/00010222_019.png 0 0 0 1 0 0 1 0 0 1 0 0 0 0
images_009/00020629_004.png 0 0 0 0 0 0 0 0 0 0 0 0 0 0
images_011/00025090_005.png 0 0 0 0 0 0 0 0 0 0 0 0 0 0
images_007/00014520_024.png 0 0 0 0 0 0 0 0 0 0 0 0 0 0
images_009/00020652_002.png 0 0 0 0 1 0 0 0 0 1 0 0 1 0
images_001/00000359_004.png 0 0 0 0 0 0 0 0 0 0 0 0 0 0
images_008/00017138_047.png 0 0 1 0 0 0 0 0 0 0 0 0 0 0
images_008/00017524_000.png 0 0 0 0 0 0 0 0 0 0 0 0 0 0
images_012/00030117_000.png 0 0 0 0 0 0 0 0 0 0 0 0 0 0
images_003/00005066_008.png 0 1 0 0 0 0 0 0 0 0 0 0 0 0
images_010/00021201_069.png 0 0 0 0 0 0 0 0 0 0 0 0 0 0
images_004/00008637_001.png 0 0 1 0 0 0 0 0 0 0 0 0 0 0
images_006/00012343_000.png 0 0 0 0 0 0 0 0 0 0 0 0 0 0
images_008/00017247_006.png 0 0 0 0 0 0 0 0 0 0 0 0 0 0
images_011/00024724_000.png 0 0 0 0 0 0 0 0 0 0 0 0 0 0
images_011/00027725_027.png 0 0 0 1 0 0 0 0 0 1 0 0 0 0
images_005/00009578_000.png 0 0 0 0 0 0 0 0 0 0 0 0 0 0
images_006/00013305_004.png 0 0 0 0 0 0 0 0 0 0 0 0 0 0
images_002/00003125_001.png 0 0 0 0 0 0 0 0 0 0 0 0 0 0
images_003/00006272_004.png 0 0 0 0 0 0 0 0 0 0 0 0 0 0
images_004/00006769_007.png 0 0 0 1 0 0 0 0 0 0 0 0 0 0
images_010/00024086_000.png 0 0 0 0 0 0 0 0 0 0 0 0 0 0
images_004/00007109_027.png 0 0 0 0 0 0 1 0 0 0 0 1 0 0
images_010/00023630_000.png 0 0 0 0 0 0 0 0 0 0 0 0 0 0
images_010/00024058_000.png 0 0 0 0 0 0 0 0 0 0 0 0 0 0
images_009/00019141_003.png 0 0 0 0 0 0 0 0 0 0 0 0 0 0
images_008/00016357_001.png 0 0 0 0 0 0 0 0 0 0 0 0 0 0
images_010/00021222_004.png 0 0 1 0 0 0 0 0 0 0 0 0 0 0
images_009/00019216_006.png 1 0 0 0 0 0 0 0 0 0 0 0 0 0
images_007/00013988_000.png 0 0 0 0 0 0 0 0 0 0 0 0 0 0
images_003/00006271_048.png 0 0 0 1 0 0 0 0 0 0 0 0 0 0
images_005/00011061_000.png 0 0 0 0 0 0 0 0 0 0 0 0 0 0
images_008/00018349_000.png 0 1 0 1 0 0 0 0 0 0 0 0 0 1
images_010/00023075_043.png 0 0 0 0 0 0 0 0 0 0 0 0 0 0
images_011/00026791_001.png 0 0 0 1 0 1 0 0 0 0 0 0 0 0
images_007/00014314_005.png 0 0 0 0 0 0 0 0 0 0 0 0 0 0
images_009/00018525_007.png 0 0 0 1 0 0 0 0 0 0 0 0 0 0
images_009/00018860_037.png 1 0 0 0 0 0 0 0 0 0 0 0 0 0
images_007/00014253_030.png 0 0 1 0 0 0 0 0 0 0 0 0 0 0
images_004/00006784_000.png 0 0 0 0 0 0 0 0 0 0 0 0 0 0
images_009/00019873_000.png 0 0 0 0 0 0 0 0 0 0 0 0 0 0
images_003/00004793_000.png 0 0 0 0 0 0 0 0 0 0 0 0 0 0
images_007/00015530_032.png 0 0 0 0 0 0 0 0 0 0 0 0 0 0
images_002/00002909_001.png 0 0 1 0 0 0 0 0 0 0 0 0 1 0
images_008/00017524_013.png 0 0 0 0 0 0 0 0 0 0 0 0 0 0
images_009/00020318_021.png 1 0 0 0 0 0 0 1 0 0 0 0 0 0
images_003/00005079_002.png 0 0 0 0 0 0 0 0 0 0 0 0 0 0
images_002/00002889_000.png 0 1 0 0 0 0 0 0 0 0 0 0 0 0
images_004/00007390_012.png 0 0 0 0 0 0 0 0 0 0 0 0 0 0
images_006/00011850_015.png 1 0 0 1 0 1 0 0 1 0 0 0 0 0
images_012/00028940_000.png 0 0 0 0 0 0 0 0 0 0 0 0 0 0
images_005/00011144_031.png 0 0 1 0 0 0 0 1 0 0 0 0 1 0
images_002/00002213_002.png 0 0 0 0 0 0 0 0 0 0 0 0 0 0
images_008/00018304_008.png 0 0 0 1 0 0 0 0 0 0 0 0 0 0
images_001/00000882_007.png 0 0 0 0 0 0 0 0 0 0 0 0 0 0
images_010/00021201_092.png 0 0 0 0 0 0 0 0 1 0 0 0 0 0
images_005/00009894_004.png 0 0 0 0 0 0 0 0 0 0 0 0 0 0
images_008/00018065_001.png 0 0 0 0 1 0 0 0 0 0 0 0 0 0
images_002/00001611_001.png 0 0 0 0 0 0 0 0 0 0 0 0 0 0
images_003/00004654_001.png 0 0 0 0 0 1 0 0 0 0 0 0 0 0
images_004/00007207_001.png 0 0 0 0 0 0 0 0 0 0 0 0 0 0
images_009/00020274_015.png 0 0 0 0 0 0 0 0 0 0 0 0 0 0
images_012/00028454_013.png 0 0 1 0 0 0 0 0 0 0 0 0 0 0
images_008/00018233_011.png 0 0 0 0 0 0 0 0 0 0 0 0 0 0
images_006/00012376_002.png 0 0 1 0 0 1 0 0 0 0 0 0 0 0
images_011/00025690_000.png 0 0 0 0 0 0 0 0 0 0 0 0 0 0
images_005/00009735_003.png 0 0 0 0 0 0 0 0 0 0 0 0 0 0
images_005/00009647_004.png 0 0 1 0 0 0 0 0 0 0 0 0 0 0
images_002/00002339_003.png 0 0 0 0 0 0 0 0 0 0 0 0 0 0
images_001/00000370_011.png 0 0 0 1 0 0 0 0 0 0 0 0 0 0
images_001/00000585_000.png 1 0 0 0 0 0 0 0 0 0 0 0 0 0
images_009/00020434_007.png 0 0 0 0 0 0 0 0 0 0 0 0 0 0
images_010/00022846_001.png 0 0 0 1 0 0 0 0 0 0 0 0 0 0
images_008/00017136_020.png 0 0 0 0 0 0 0 0 0 0 0 0 0 1
images_011/00027463_001.png 0 0 0 1 0 0 0 0 0 0 0 0 0 0
images_003/00004858_009.png 0 0 0 0 0 0 0 0 0 0 0 0 0 0
images_010/00021401_000.png 0 0 0 1 0 0 0 0 0 0 0 0 0 0
images_008/00016345_000.png 0 0 0 0 0 0 0 0 0 0 0 0 0 0
images_004/00008118_004.png 0 0 0 0 0 0 0 0 0 0 0 0 0 0
images_002/00003028_003.png 0 0 0 0 0 0 0 0 0 0 0 0 0 0
images_005/00010814_003.png 0 0 0 0 0 0 0 0 0 0 0 0 0 0
images_012/00029165_011.png 0 0 0 0 0 0 0 1 0 0 0 0 0 0
images_004/00006920_002.png 0 0 0 0 0 0 0 0 0 0 0 0 0 0
images_008/00016592_001.png 0 0 0 0 0 0 0 0 0 0 0 0 0 0
images_012/00029217_003.png 0 0 0 0 0 0 0 0 0 0 0 0 0 0
images_004/00007308_000.png 0 1 1 0 0 0 0 0 0 0 0 0 0 0
images_002/00003446_008.png 0 0 0 0 0 0 0 0 0 0 0 0 0 0
images_008/00016778_041.png 0 0 0 1 0 0 0 0 1 0 0 0 1 0
images_008/00017747_039.png 1 0 0 1 0 0 1 0 0 0 0 0 0 0
images_008/00018366_041.png 0 0 0 0 0 0 0 1 0 0 0 0 0 0
images_002/00001570_000.png 0 0 0 0 0 0 0 0 0 0 0 0 0 0
images_008/00017325_008.png 1 0 0 0 0 1 0 0 0 0 0 0 0 0
images_007/00015647_036.png 0 0 0 1 0 0 0 0 0 0 0 0 0 0
images_007/00013890_013.png 0 1 1 1 0 0 0 0 0 0 0 0 0 0
images_006/00012233_006.png 0 0 0 0 0 0 0 1 0 0 0 0 0 0
images_003/00006436_009.png 1 0 0 1 0 0 0 0 0 0 0 0 0 0
images_011/00027657_011.png 0 0 1 0 0 0 0 0 1 0 0 0 0 0
images_010/00023586_000.png 0 0 0 1 0 0 0 0 0 0 0 0 0 0
images_010/00022535_001.png 0 0 0 1 0 0 0 0 0 0 0 0 0 0
images_003/00004808_039.png 0 0 0 1 0 0 0 0 0 0 0 0 0 0
images_007/00013875_001.png 0 0 0 0 0 0 0 0 0 1 0 0 0 0
images_003/00004750_006.png 0 0 1 0 1 0 0 0 0 0 0 0 0 0
images_002/00001517_011.png 0 0 0 1 1 0 0 0 0 0 0 0 1 0
images_012/00029469_015.png 0 0 0 1 0 0 0 0 0 0 0 0 0 0
images_002/00003861_001.png 0 0 0 0 0 0 0 0 0 0 0 0 0 0
images_008/00017504_038.png 0 1 1 0 0 0 0 0 0 0 0 0 0 0
images_006/00012031_000.png 0 0 0 0 0 0 0 0 0 0 0 0 0 0
images_001/00000499_006.png 0 0 0 1 0 0 0 0 0 0 0 0 0 0
images_010/00022139_000.png 0 0 0 0 0 0 0 0 0 0 0 0 0 0
images_008/00016785_006.png 0 0 1 0 0 0 0 0 0 0 1 0 0 0
images_012/00030039_014.png 0 0 0 0 0 0 0 0 0 0 0 0 0 0
images_001/00000643_003.png 1 0 0 1 0 0 0 1 0 0 0 0 0 0
images_003/00004646_008.png 0 0 0 0 0 0 0 0 0 0 0 0 0 0
images_011/00025303_011.png 0 0 1 0 0 0 0 0 0 0 0 0 0 0
images_012/00028208_002.png 0 0 0 0 0 0 0 0 0 0 0 0 0 0
images_002/00002722_005.png 0 0 0 0 0 0 0 1 0 0 0 0 0 0
images_007/00015749_000.png 0 0 0 0 0 0 0 0 0 0 0 0 0 0
images_002/00001373_041.png 0 0 1 0 0 0 0 0 0 0 0 0 0 0
images_004/00006960_009.png 0 0 0 0 0 0 0 0 0 0 1 0 0 0
images_007/00015113_005.png 0 0 0 0 0 1 0 0 0 0 0 0 0 0
images_008/00016870_000.png 0 0 0 0 0 0 0 0 0 0 0 0 0 0
images_001/00001059_004.png 0 0 0 0 0 0 0 0 0 0 0 0 0 0
images_011/00026573_003.png 0 0 0 0 1 0 0 1 0 0 0 0 0 0
images_010/00021711_011.png 0 0 0 0 0 0 0 0 0 0 0 0 0 0
images_010/00022914_005.png 0 0 0 0 0 0 0 0 0 0 0 0 0 0
images_008/00018237_038.png 0 0 0 0 0 0 0 0 0 0 0 0 0 0
images_002/00002229_000.png 0 0 0 0 0 0 0 0 0 0 0 0 0 0
images_006/00011966_003.png 0 0 0 0 0 1 0 0 0 0 0 0 0 0
images_012/00030288_000.png 0 0 0 0 0 0 0 0 0 0 0 0 0 0
images_012/00029813_020.png 0 0 1 0 0 0 0 0 0 0 0 0 0 0
images_002/00003388_003.png 0 0 0 0 0 0 0 0 0 0 0 0 0 0
images_009/00019880_008.png 0 0 1 1 1 0 0 0 0 0 0 0 0 0
images_007/00014022_069.png 0 0 0 0 0 0 0 0 0 0 0 0 1 0
images_002/00002425_007.png 0 0 0 0 0 0 0 0 0 0 0 0 0 0
images_006/00012891_003.png 0 0 0 0 0 1 0 0 0 0 0 0 0 0
images_002/00001737_002.png 0 0 1 0 0 0 0 0 0 0 0 0 0 0
images_005/00010625_012.png 0 0 1 1 0 0 0 0 0 0 0 0 0 0
images_004/00007713_003.png 0 0 0 1 0 0 0 0 0 0 1 0 0 0
images_004/00007526_033.png 0 0 0 0 0 0 0 0 0 0 0 0 0 0
images_005/00011540_000.png 0 0 0 0 0 0 0 0 0 0 0 0 0 0
images_004/00007056_011.png 0 0 0 0 0 0 0 1 0 0 0 0 0 0
images_010/00023160_011.png 0 0 0 0 0 0 0 0 0 0 0 0 0 0
images_002/00002039_001.png 0 0 0 0 0 0 0 0 0 0 0 0 0 0
images_010/00021916_007.png 0 0 0 0 0 0 0 0 0 0 0 0 0 0
images_008/00017404_000.png 0 0 0 0 0 0 0 0 0 0 0 0 0 0
images_005/00010897_002.png 1 0 0 1 0 0 0 0 0 0 0 0 0 0
images_005/00010082_000.png 0 0 0 0 0 0 0 0 0 0 0 0 0 0
images_003/00005448_006.png 0 0 1 0 0 0 0 0 0 0 0 0 1 0
images_008/00016811_005.png 0 0 0 0 0 1 0 0 0 0 0 0 0 0
images_011/00027603_000.png 0 0 1 1 0 0 0 0 0 0 0 0 0 0
images_004/00008312_003.png 0 0 0 0 0 0 0 0 0 0 0 0 0 0
images_003/00006076_000.png 0 0 0 0 0 0 0 0 0 0 0 0 0 0
images_007/00015770_014.png 0 0 0 0 0 0 0 0 0 0 0 0 0 0
images_009/00019124_098.png 0 0 0 0 1 0 0 1 0 0 0 0 1 0
images_006/00012373_002.png 0 0 0 1 0 0 0 0 0 0 0 0 1 0
images_010/00023248_000.png 0 0 0 0 0 0 0 0 0 0 0 0 0 0
images_006/00013380_010.png 0 0 0 0 0 0 0 1 0 0 0 0 0 1
images_003/00005722_043.png 0 0 0 1 0 1 0 0 0 0 0 0 0 0
images_006/00011786_000.png 0 0 0 0 0 0 0 0 0 0 0 0 0 0
images_011/00025252_063.png 0 0 1 0 0 0 0 0 0 0 0 0 0 0
images_006/00013594_006.png 1 0 1 0 0 0 0 0 1 0 0 0 0 0
images_009/00020197_004.png 0 0 0 0 0 1 0 0 0 0 0 0 0 0
images_006/00012534_000.png 0 0 0 0 0 0 0 0 0 0 0 0 0 0
images_002/00003877_000.png 0 0 0 0 0 0 0 0 0 0 0 0 0 0
images_002/00003544_001.png 1 0 1 0 0 0 0 0 0 0 0 0 0 0
images_009/00019707_016.png 1 0 0 0 0 0 0 0 1 0 0 0 0 0
images_003/00006171_000.png 0 0 0 0 0 0 0 0 0 0 0 0 0 0
images_010/00021930_014.png 0 0 0 1 0 0 0 0 0 0 0 0 0 0
images_003/00005026_009.png 0 0 0 0 0 0 0 0 0 0 0 0 0 0
images_012/00030207_000.png 1 1 0 0 0 0 0 0 0 0 0 0 0 0
images_011/00026702_002.png 1 0 1 1 0 0 0 0 0 0 0 0 0 0
images_011/00027600_000.png 0 0 0 1 0 0 0 0 0 0 0 0 0 0
images_003/00006195_003.png 0 0 0 0 0 0 0 0 0 0 0 0 0 0
images_002/00001615_005.png 0 0 0 0 0 0 0 0 0 0 0 0 0 0
images_006/00012434_001.png 0 0 0 0 1 1 0 0 1 0 0 0 0 0
images_010/00021195_002.png 1 1 1 0 0 0 0 0 0 0 0 0 0 0
images_002/00003300_009.png 0 0 0 1 1 1 0 0 0 0 0 0 0 0
images_008/00016292_001.png 0 0 0 1 0 0 0 0 0 0 0 0 0 0
images_002/00002802_000.png 1 0 0 0 0 0 0 0 0 0 0 0 0 0
images_005/00009368_013.png 0 0 0 0 0 0 0 0 0 0 0 0 0 0
images_007/00016009_004.png 0 0 0 0 0 0 0 0 0 0 0 0 0 0
images_005/00010222_004.png 0 0 0 0 0 0 0 0 0 0 0 0 0 0
images_004/00008888_032.png 0 0 0 0 0 0 0 0 0 0 0 0 0 0
images_007/00015612_001.png 0 0 0 0 0 0 0 0 0 0 0 0 0 0
images_007/00014615_005.png 0 0 0 0 0 0 0 0 0 0 0 0 0 0
images_007/00014040_000.png 0 0 0 0 0 0 0 0 0 0 0 0 0 0
images_006/00013176_003.png 0 0 0 0 0 0 0 0 0 1 0 0 0 0
images_008/00016173_000.png 0 0 0 0 0 0 0 0 0 0 0 0 0 0
images_009/00019100_000.png 0 0 0 1 0 0 0 0 0 0 0 0 0 0
images_005/00011501_000.png 0 0 0 0 0 0 0 0 0 0 0 0 0 0
images_007/00015171_020.png 0 0 0 1 0 0 0 0 0 0 0 0 0 0
images_005/00009318_000.png 0 0 0 0 0 0 0 0 0 0 0 0 0 0
images_008/00017830_007.png 0 0 1 0 0 0 0 1 0 0 0 0 0 0
images_005/00010322_000.png 0 0 0 1 0 0 0 0 0 0 0 0 0 0
images_009/00019363_037.png 0 0 0 0 0 0 0 0 0 0 0 0 0 0
images_002/00002247_001.png 0 0 0 0 0 0 0 0 0 0 0 0 0 0
images_009/00019176_084.png 0 0 0 0 0 0 0 0 0 0 0 0 0 0
images_005/00010093_003.png 0 0 0 0 0 1 0 0 0 0 0 0 0 0
images_008/00017251_001.png 1 0 0 1 0 0 0 0 0 0 0 0 0 0
images_002/00001641_005.png 0 0 0 0 0 0 0 0 0 0 0 0 0 0
images_005/00011370_002.png 0 0 0 0 0 0 0 0 0 0 0 0 0 0
images_011/00025656_004.png 0 0 0 0 0 0 0 0 0 0 0 0 0 0
images_004/00008745_003.png 0 0 0 1 0 0 0 0 0 0 0 0 0 0
images_004/00006964_006.png 0 0 0 1 0 1 0 0 0 0 0 0 0 0
images_011/00026835_000.png 0 0 0 0 0 0 0 0 0 0 0 0 0 0
images_004/00007864_014.png 0 0 0 1 0 0 0 0 0 0 0 0 0 0
images_012/00028671_000.png 0 0 1 0 0 0 0 0 0 0 0 0 0 0
images_006/00013625_026.png 0 0 0 1 0 0 0 0 1 1 0 0 0 0
images_007/00013844_007.png 0 0 0 0 0 0 0 0 0 0 0 0 0 0
images_002/00001523_001.png 0 0 0 1 0 0 0 0 0 0 0 0 0 0
images_011/00028148_011.png 0 0 0 0 0 0 0 1 0 0 0 0 0 0
images_005/00009237_014.png 1 0 0 0 0 0 0 0 0 0 0 0 0 0
images_011/00025641_000.png 0 0 0 0 0 0 0 0 0 0 0 0 0 0
images_011/00026841_001.png 1 0 0 0 0 0 0 0 0 0 0 0 0 0
images_012/00030178_002.png 0 0 0 0 0 0 0 0 0 0 0 0 0 0
images_006/00012014_000.png 0 0 0 0 0 0 0 0 0 0 0 0 0 0
images_005/00011269_020.png 0 0 0 0 0 0 0 0 0 0 0 0 0 0
images_010/00021171_007.png 1 0 0 1 0 0 0 0 0 0 0 0 0 0
images_010/00023088_000.png 0 1 1 1 0 0 0 0 0 0 0 0 0 0
images_003/00005403_003.png 0 0 0 0 0 0 0 0 0 0 0 0 0 0
images_004/00007191_020.png 0 0 1 0 0 0 0 0 0 0 0 0 1 0
images_008/00017216_000.png 0 0 0 1 0 0 0 0 0 0 0 0 0 0
images_009/00018689_005.png 0 0 0 0 0 0 0 0 0 0 0 0 0 0
images_003/00005380_000.png 1 0 0 0 1 0 0 0 0 0 0 1 0 0
images_007/00014781_001.png 0 0 0 0 0 0 0 0 0 0 0 0 0 0
images_011/00025691_006.png 0 0 0 0 0 0 0 0 0 0 0 0 0 0
images_004/00008806_007.png 0 0 0 0 0 0 0 0 0 0 0 0 0 0
images_012/00028180_008.png 0 0 0 0 0 0 0 0 0 0 0 0 0 0
images_011/00026971_007.png 0 0 0 1 0 0 0 0 0 0 0 0 0 0
images_010/00023162_003.png 0 0 0 0 0 1 0 0 0 0 0 0 0 0
images_004/00008753_001.png 0 0 0 0 0 0 0 0 0 0 0 0 0 0
images_011/00026478_006.png 0 0 0 0 0 0 0 0 0 0 0 0 0 0
images_005/00009281_000.png 0 0 0 0 0 0 0 0 0 0 0 0 0 0
images_007/00016042_004.png 0 0 0 0 0 0 0 0 0 0 0 0 0 0
images_008/00017227_012.png 0 0 0 1 0 0 0 0 0 0 0 0 0 0
images_006/00011925_033.png 0 0 0 0 0 0 0 0 0 0 0 0 0 0
images_002/00002126_000.png 0 0 0 0 0 0 0 0 0 0 0 0 0 0
images_004/00008856_001.png 1 0 0 0 0 0 0 0 0 0 0 0 0 0
images_007/00015537_005.png 0 0 1 0 0 0 0 0 0 0 0 0 0 0
images_007/00014242_001.png 0 0 0 0 0 0 0 0 0 0 0 0 0 0
images_005/00009397_007.png 0 0 0 0 0 1 0 0 0 0 0 0 0 0
images_006/00011925_040.png 0 0 0 0 0 0 0 0 0 0 0 0 0 0
images_002/00003568_001.png 0 0 0 1 0 0 0 0 0 0 0 0 0 0
images_012/00029146_007.png 1 0 0 0 0 0 0 0 0 0 0 0 0 0
images_006/00011579_019.png 0 0 0 0 0 0 0 0 0 0 0 0 0 0
images_005/00009863_006.png 0 0 0 1 0 0 0 0 0 0 0 0 0 0
images_004/00007762_004.png 0 0 0 0 0 0 0 0 0 0 0 0 0 0
images_001/00001292_000.png 0 0 0 0 0 0 0 0 0 0 0 0 0 0
images_003/00004176_001.png 0 0 0 0 0 0 0 0 0 0 0 0 0 0
images_004/00008447_001.png 0 0 0 0 0 0 0 0 0 0 0 0 0 1
images_005/00010688_002.png 0 0 0 0 0 0 0 0 0 0 0 0 0 0
images_009/00019758_002.png 0 0 0 0 0 0 0 0 0 0 0 0 0 0
images_010/00024036_000.png 0 0 0 0 0 0 0 0 0 0 0 0 0 0
images_007/00015113_006.png 0 0 0 0 0 0 0 0 0 0 0 0 0 0
images_006/00013615_067.png 0 0 1 1 0 0 0 0 0 0 0 0 0 0
images_010/00022653_000.png 0 0 0 0 1 0 0 0 0 0 0 0 0 0
images_009/00019320_000.png 1 0 0 0 0 0 0 0 0 0 0 0 0 0
images_009/00019576_023.png 0 0 0 1 0 0 0 0 0 0 0 0 0 0
images_008/00018117_015.png 0 0 0 0 0 0 0 1 0 0 0 0 0 0
images_010/00021422_000.png 0 0 0 1 0 0 0 0 0 0 0 0 0 0
images_003/00004808_063.png 0 0 0 0 0 0 0 0 0 0 0 0 0 0
images_010/00021484_003.png 0 0 0 1 0 0 0 0 0 0 0 0 0 0
images_002/00003377_004.png 0 0 0 0 0 0 0 0 0 0 0 0 0 0
images_011/00025228_008.png 0 0 1 0 0 0 0 0 0 0 0 0 0 0
images_007/00014257_000.png 0 0 0 0 0 0 0 0 0 0 0 0 0 0
images_008/00016871_002.png 0 0 0 0 0 0 0 0 0 0 0 0 0 0
images_004/00008745_042.png 0 0 0 1 0 0 0 0 0 0 0 0 0 0
images_006/00013641_023.png 0 0 0 1 0 0 0 0 0 1 0 0 0 0
images_010/00022782_002.png 0 0 0 0 0 0 0 0 0 0 0 0 0 0
images_005/00009577_004.png 0 0 0 1 0 0 0 0 0 0 0 0 0 0
images_001/00000744_009.png 0 0 0 0 1 0 0 1 0 0 0 0 0 0
images_008/00016615_007.png 0 0 0 0 0 0 0 0 0 0 0 0 0 0
images_009/00018527_008.png 0 0 0 0 1 0 0 0 0 0 0 0 0 0
images_007/00014398_009.png 0 0 0 1 1 0 0 0 0 0 0 0 0 0
images_008/00018006_017.png 0 0 1 1 0 0 0 0 0 0 0 0 0 0
images_003/00004344_045.png 1 1 0 1 0 0 0 0 0 1 0 0 0 0
images_007/00014672_000.png 0 0 0 0 0 0 0 0 0 0 0 0 0 0
images_009/00018867_001.png 0 0 0 0 0 0 0 0 0 0 0 0 0 0
images_011/00027405_001.png 0 0 0 0 0 0 0 0 0 0 0 0 0 0
images_008/00016985_001.png 0 0 0 0 0 0 0 0 0 0 0 0 0 0
images_007/00015073_001.png 0 0 0 0 0 0 0 0 0 0 0 0 0 0
images_004/00007914_002.png 0 0 0 0 0 0 0 0 0 0 0 0 0 0
images_001/00001122_001.png 0 0 0 0 0 0 0 0 0 0 0 0 0 0
images_008/00017792_005.png 0 0 0 1 0 0 0 0 0 0 0 0 0 0
images_006/00013111_026.png 0 0 0 0 0 0 0 0 0 0 0 0 0 0
images_011/00027102_001.png 0 0 0 0 0 0 0 0 0 0 0 0 0 0
images_002/00003508_000.png 0 0 0 0 0 0 0 0 0 0 0 0 0 0
images_002/00001900_013.png 0 0 0 1 1 0 0 0 0 1 0 0 0 0
images_012/00029872_000.png 0 0 0 0 0 0 0 0 1 0 0 0 0 0
images_012/00030152_002.png 0 0 0 1 0 0 0 0 0 0 0 0 0 0
images_007/00014817_000.png 0 1 1 0 0 0 0 0 0 0 0 0 0 0
images_003/00004276_000.png 0 0 0 0 0 0 0 0 0 0 0 0 0 0
images_009/00020524_023.png 0 0 0 1 0 0 0 0 0 0 0 0 0 0
images_004/00009007_000.png 0 0 0 0 0 0 0 0 0 0 0 0 0 0
images_005/00011167_003.png 0 0 0 0 0 0 0 0 0 0 0 0 0 0
images_004/00007034_027.png 0 0 0 1 0 0 0 0 0 0 0 0 0 0
images_010/00022713_004.png 0 0 0 1 0 0 0 0 0 0 0 0 0 0
images_002/00002931_000.png 0 0 0 0 0 0 0 0 0 0 0 0 0 0
images_010/00022156_002.png 1 0 0 0 0 0 0 0 0 0 0 0 0 0
images_012/00030362_000.png 0 0 1 0 0 0 0 0 0 0 0 0 0 0
images_008/00017141_000.png 1 0 0 1 0 1 0 0 0 0 0 0 0 0
images_002/00001900_020.png 0 0 0 0 1 1 0 0 0 0 0 0 0 0
images_010/00021201_102.png 0 0 0 0 0 0 0 0 0 0 0 0 0 0
images_003/00004849_001.png 0 0 0 0 0 0 0 0 0 0 0 0 0 0
images_006/00011960_006.png 0 0 1 0 0 0 1 0 0 0 0 0 0 0
images_011/00027986_000.png 0 0 0 0 0 0 0 0 0 0 0 0 0 0
images_010/00024119_000.png 0 0 0 0 0 0 0 0 0 0 0 0 0 0
images_004/00007816_011.png 0 0 0 1 0 0 0 0 0 0 0 0 0 0
images_003/00005155_002.png 0 0 0 0 0 0 0 0 0 0 0 0 0 0
images_004/00008726_002.png 0 0 0 0 0 0 0 0 0 0 0 0 0 0
images_006/00012061_002.png 0 0 0 0 0 0 0 0 0 0 0 0 0 0
images_002/00003002_001.png 0 0 0 0 0 0 0 0 0 0 0 0 0 0
images_011/00026374_010.png 0 0 1 0 0 0 0 0 0 0 0 0 0 0
images_006/00011583_006.png 0 0 1 0 0 0 0 0 0 1 0 0 0 0
images_005/00009375_001.png 0 0 0 0 1 0 0 0 0 0 0 1 0 0
images_006/00013078_010.png 0 0 0 0 0 0 0 0 0 0 0 0 0 0
images_002/00003031_000.png 0 0 0 0 0 0 0 0 0 0 0 0 0 0
images_008/00017701_000.png 0 0 0 0 0 0 0 0 0 0 0 0 0 0
images_004/00007139_007.png 0 0 0 0 0 0 0 0 0 0 0 0 0 0
images_007/00015763_000.png 0 0 0 0 0 0 0 0 0 0 0 0 0 0
images_011/00026997_005.png 0 0 0 0 0 0 0 0 0 0 0 0 0 0
images_001/00001104_014.png 0 0 0 1 0 0 0 0 0 0 0 0 0 1
images_003/00005811_001.png 0 0 0 0 0 0 0 0 0 0 1 0 0 0
images_004/00007816_003.png 0 0 0 0 0 0 0 0 0 0 0 0 0 0
images_005/00009609_000.png 0 0 1 1 0 0 0 0 0 1 0 0 0 0
images_009/00020405_031.png 0 0 0 1 0 0 0 0 0 0 0 0 0 0
images_011/00026597_000.png 0 0 0 1 0 0 0 0 0 0 0 0 0 0
images_007/00015443_008.png 0 0 0 0 0 0 0 0 0 0 0 0 0 0
images_009/00020607_000.png 0 0 0 0 0 0 0 0 0 0 0 0 0 0
images_010/00022815_004.png 0 0 0 0 0 0 0 0 0 0 0 0 0 0
images_008/00016607_023.png 0 0 0 0 0 1 0 0 0 0 0 0 0 0
images_012/00028765_010.png 0 0 1 0 0 0 0 1 0 0 0 0 0 0
images_010/00024126_000.png 1 0 0 1 0 0 0 0 0 0 0 0 0 0
images_006/00013615_010.png 0 0 0 0 0 0 0 0 0 0 0 0 0 0
images_004/00008841_027.png 0 0 0 0 0 0 0 0 0 0 0 0 0 0
images_012/00028949_000.png 0 0 0 0 0 0 0 0 0 0 0 0 0 0
images_004/00008363_001.png 0 0 0 0 0 0 0 0 0 0 0 0 0 0
images_004/00008008_055.png 0 0 0 0 0 0 0 0 0 0 0 0 0 0
images_004/00006720_006.png 0 0 0 0 0 0 0 0 0 0 0 0 0 0
images_003/00005435_005.png 0 0 0 0 0 0 0 0 0 0 0 0 0 0
images_008/00018126_031.png 0 0 0 1 0 1 0 0 0 0 0 0 0 0
images_002/00002300_038.png 0 0 1 0 0 0 0 0 0 0 0 0 0 0
images_008/00016806_003.png 0 0 0 0 0 0 0 0 0 0 0 0 0 0
images_001/00000806_000.png 0 0 0 0 0 0 0 0 0 0 0 0 0 0
images_003/00005638_001.png 0 0 0 1 0 0 0 0 0 0 0 0 0 0
images_001/00000573_009.png 0 0 0 0 0 0 0 0 0 0 0 0 0 0
images_010/00023163_000.png 0 0 0 0 0 0 0 0 0 0 0 0 0 0
images_007/00014542_000.png 0 0 0 0 0 0 0 0 0 0 0 0 0 0
images_004/00007314_000.png 0 0 0 0 0 0 0 0 0 0 0 0 0 0
images_009/00020566_001.png 0 0 0 0 0 0 0 0 0 0 0 0 0 0
images_011/00025754_002.png 0 0 0 0 0 0 0 0 0 0 0 0 0 0
images_009/00019097_004.png 0 0 0 0 0 1 0 0 0 0 1 0 0 0
images_011/00025787_044.png 0 0 0 0 0 0 0 0 0 0 0 0 0 0
images_001/00000732_002.png 0 0 0 0 0 0 0 1 0 0 0 0 0 0
images_004/00007654_001.png 0 0 0 0 0 0 0 0 0 0 0 0 0 0
images_009/00019576_063.png 0 0 0 1 0 0 0 0 0 0 0 0 0 0
images_008/00017605_015.png 0 0 0 0 0 0 0 0 1 0 0 0 0 0
images_004/00007526_000.png 0 0 0 1 0 0 0 0 0 0 0 0 0 0
images_004/00007557_016.png 0 0 0 0 0 0 0 0 0 0 0 0 0 0
images_009/00020870_000.png 0 0 0 0 0 0 0 0 0 0 0 0 0 0
images_003/00006551_004.png 0 0 0 0 0 0 0 0 0 0 0 0 0 0
images_009/00019688_001.png 0 0 0 0 0 0 0 0 0 0 0 0 0 0
images_011/00025252_042.png 0 0 0 0 0 0 0 1 0 0 0 0 0 0
images_009/00020306_000.png 1 0 0 0 0 0 0 0 0 0 0 0 1 0
images_007/00014447_003.png 0 0 0 0 0 0 0 0 0 0 0 0 0 0
images_003/00005567_004.png 1 0 0 0 0 0 0 0 0 0 0 0 0 0
images_009/00019846_000.png 0 0 0 1 0 0 0 0 0 0 0 0 0 0
images_011/00026439_002.png 0 0 0 0 0 0 0 0 0 0 0 0 0 0
images_003/00005486_000.png 0 0 0 0 0 0 0 0 0 0 0 0 0 0
images_004/00008185_001.png 0 0 0 0 0 0 0 0 0 0 0 0 0 0
images_004/00006605_008.png 0 0 0 1 0 0 1 1 0 0 0 0 0 0
images_011/00026923_004.png 0 0 0 0 0 0 0 0 0 0 0 0 0 0
images_008/00016942_001.png 0 0 0 0 0 0 0 0 0 0 0 0 0 0
images_003/00006303_000.png 0 0 0 0 0 0 0 0 0 0 0 0 0 0
images_005/00009340_001.png 0 0 0 0 0 0 0 0 0 0 0 0 0 0
images_004/00007311_000.png 0 0 0 0 0 0 0 0 0 0 0 0 0 0
images_006/00013594_033.png 0 0 0 0 0 0 0 0 0 0 0 0 0 0
images_009/00019087_004.png 0 0 1 0 0 0 0 1 0 0 0 0 0 0
images_004/00006875_022.png 0 1 0 0 0 0 0 0 0 0 0 0 0 0
images_005/00009342_001.png 0 0 1 0 0 0 0 0 0 1 0 0 0 0
images_009/00018557_017.png 0 0 0 0 0 0 0 0 0 0 0 0 0 0
images_002/00001787_013.png 0 0 0 0 0 0 0 0 0 0 0 0 0 0
images_009/00020326_038.png 0 0 0 1 0 0 0 0 0 0 0 0 0 0
images_009/00018541_005.png 0 0 0 0 0 0 0 0 0 0 0 0 0 0
images_002/00002212_004.png 0 0 0 0 0 0 0 0 0 0 0 0 0 0
images_002/00002239_004.png 0 0 0 0 0 0 0 0 0 0 0 0 0 0
images_007/00014517_002.png 0 0 0 0 0 0 0 0 0 0 0 0 0 0
images_002/00001693_000.png 0 0 0 0 0 0 0 0 0 0 0 0 0 0
images_003/00006166_000.png 0 1 0 0 0 0 0 0 0 0 0 0 0 0
images_006/00012184_008.png 0 0 0 0 1 0 0 0 0 0 0 0 0 0
images_011/00025166_001.png 0 0 0 1 0 0 0 0 0 0 0 0 0 0
images_009/00018419_002.png 0 0 0 0 0 1 0 0 0 0 0 0 0 0
images_006/00013449_005.png 0 0 1 0 0 1 0 0 0 0 0 0 0 0
images_008/00017923_000.png 0 0 0 1 0 0 0 0 0 0 0 0 0 0
images_004/00006621_002.png 0 0 0 1 0 0 0 0 0 0 0 0 0 0
images_011/00028131_004.png 0 0 0 0 0 0 0 0 0 0 0 0 0 0
images_006/00013531_005.png 0 0 0 0 0 0 0 0 0 0 0 0 0 0
images_012/00028275_000.png 1 0 0 0 1 0 0 0 0 0 0 0 0 0
images_008/00016357_000.png 0 0 0 0 0 0 0 0 0 0 0 0 0 0
images_006/00013670_050.png 0 0 0 1 0 0 0 0 0 0 0 0 0 0
images_009/00020796_001.png 0 0 0 0 0 0 0 0 0 0 0 0 0 0
images_002/00002386_009.png 0 0 1 0 0 0 0 0 0 0 0 0 0 0
images_005/00011446_012.png 0 0 0 0 0 0 0 0 0 0 0 0 0 0
images_010/00023802_000.png 0 1 0 1 0 0 0 0 0 0 0 0 0 0
images_005/00009845_032.png 0 0 0 0 0 0 0 0 0 0 0 0 0 0
images_008/00017991_008.png 0 0 0 0 0 0 0 0 0 0 0 1 0 0
images_006/00011968_001.png 0 0 0 0 0 0 0 0 0 0 0 0 0 0
images_004/00007054_006.png 0 0 0 0 0 0 0 0 0 0 0 0 0 0
images_006/00013594_027.png 0 0 0 0 0 0 0 0 0 0 0 0 0 0
images_006/00012515_013.png 0 0 0 0 0 1 0 0 0 0 0 1 0 0
images_010/00023297_008.png 0 0 0 1 0 0 0 1 0 0 0 0 0 0
images_005/00010254_000.png 0 0 0 0 0 0 0 0 0 0 0 0 0 0
images_006/00012886_000.png 0 0 0 0 0 0 0 0 0 0 0 0 0 0
images_008/00016163_000.png 0 0 0 0 0 0 0 0 0 0 0 0 0 0
images_004/00006752_008.png 0 0 0 1 0 0 0 0 0 0 0 0 0 0
images_011/00026451_023.png 1 0 1 0 0 0 0 0 1 0 0 0 1 0
images_004/00008522_060.png 0 0 0 0 0 0 0 0 0 0 0 0 0 0
images_007/00013955_000.png 0 0 1 0 0 0 0 0 0 0 0 0 0 0
images_001/00001248_037.png 0 0 0 0 0 0 0 0 0 0 0 0 0 0
