397.png 0 0 0 0 1 0 1 0 0 0 0 0 0 0 0 0 0 0 0 0
im0157.png 1 0 0 0 0 0 0 0 0 0 0 0 0 0 0 0 0 0 0 0
im0218.png 0 0 0 0 0 0 0 0 0 0 1 0 0 0 0 0 0 0 0 0
1036.png 1 0 0 0 0 0 0 0 0 0 0 0 0 0 0 0 0 0 0 0
94.png 0 1 0 0 0 0 0 0 0 0 0 0 0 0 0 0 0 0 0 0
im0307.png 0 0 0 0 0 0 1 0 0 0 0 0 0 0 0 0 0 0 0 1
67.png 0 0 0 1 0 0 1 0 0 0 0 0 0 0 0 0 0 0 0 0
im0315.png 0 0 0 0 0 0 0 0 0 0 0 0 0 0 0 0 0 0 0 1
1272.png 0 0 0 1 0 0 0 0 0 0 0 0 0 0 0 0 0 0 0 0
im0401.png 0 0 0 0 0 0 1 0 0 0 0 0 0 0 0 0 0 0 0 1
1017.png 0 0 0 0 0 0 1 0 0 0 0 0 0 0 0 0 0 0 0 0
123.png 0 0 0 0 0 0 1 0 0 0 0 0 0 0 0 0 0 0 0 0
1132.png 0 0 0 0 1 0 1 0 0 0 0 0 0 0 0 0 0 0 0 0
im0139.png 1 0 0 0 0 0 0 0 0 0 0 0 0 0 0 0 0 0 0 0
aria_c_35_26.tif 0 1 0 0 0 0 0 0 0 0 0 0 0 0 0 0 0 0 0 0
