1489.png 0 0 0 0 0 0 0 0 1 0 0 0 0 0 0 0 0 0 0 0
1117.png 1 0 0 0 0 0 0 0 0 0 0 0 0 0 0 0 0 0 0 0
937.png 0 0 1 0 0 0 0 0 0 0 0 0 0 0 0 0 0 0 0 0
203.png 0 0 0 0 0 0 1 0 0 0 0 0 0 0 0 0 0 0 0 0
1163.png 0 0 1 0 0 0 1 0 0 0 0 0 0 0 0 0 0 0 0 0
im0236.png 0 1 0 0 0 0 0 0 0 0 0 0 0 0 0 0 0 0 0 0
99.png 0 0 0 0 0 0 1 0 0 0 0 0 0 0 0 0 0 0 0 0
1890.png 0 1 0 0 0 0 0 0 0 0 0 0 0 0 0 0 0 0 0 0
1101.png 0 1 0 0 0 0 0 0 0 0 0 0 0 0 0 0 0 0 0 0
445.png 0 0 0 0 1 1 0 0 0 0 0 0 0 0 0 0 0 0 0 0
639.png 0 0 0 1 1 0 0 0 0 0 0 0 0 0 0 0 0 0 0 0
im0297.png 0 0 0 0 0 0 0 0 0 0 0 0 0 0 0 0 0 0 0 1
aria_d_3_33.tif 1 0 0 0 0 0 0 0 0 0 0 0 0 0 0 0 0 0 0 0
1079.png 1 0 0 0 0 0 0 0 0 0 0 0 0 0 0 0 0 0 0 0
272.png 0 0 0 0 0 0 0 0 1 0 0 0 0 0 0 0 0 0 0 0
35.png 0 0 0 0 0 0 0 0 0 0 0 0 0 0 0 0 0 0 0 1
im0053.png 0 0 0 0 0 1 0 0 0 0 0 1 0 0 0 0 0 0 0 0
1419.png 0 1 0 0 0 0 0 0 0 0 0 0 0 0 0 0 0 0 0 0
926.png 0 0 0 0 0 0 1 0 0 0 0 0 0 0 0 0 0 0 0 0
im0141.png 1 0 0 0 0 0 0 0 0 0 0 0 0 0 0 0 0 0 0 0
1119.png 1 0 0 0 0 0 0 0 0 0 0 0 0 0 1 0 0 0 0 0
863.png 0 1 0 0 0 0 0 0 0 0 0 0 0 0 0 0 0 0 0 0
1457.png 0 0 0 1 0 0 0 0 0 0 0 0 0 0 0 0 0 0 0 0
aria_c_47_2.tif 0 1 0 0 0 0 0 0 0 0 0 0 0 0 0 0 0 0 0 0
87.png 0 0 0 0 0 0 0 0 0 0 0 0 0 0 0 1 0 0 0 0
im0143.png 0 0 0 0 0 1 0 0 0 0 0 1 0 0 0 0 0 0 0 0
1682.png 1 0 0 0 0 0 0 0 0 0 0 0 0 0 0 0 0 0 0 0
im0293.png 0 0 0 0 0 0 0 0 0 0 0 0 0 0 0 0 1 1 0 0
1667.png 1 0 0 0 0 0 0 0 0 0 0 0 0 0 0 0 0 0 0 0
im0049.png 0 0 0 0 0 0 0 0 0 0 0 0 0 0 0 0 0 0 0 1
1184.png 0 0 0 0 0 0 1 0 0 0 0 0 0 0 0 0 0 0 0 0
465.png 1 0 0 0 0 0 0 0 0 0 0 0 0 0 0 0 0 0 0 0
1821.png 0 1 0 0 0 0 0 0 0 0 0 0 0 0 0 0 0 0 0 0
1759.png 0 1 0 0 0 0 0 0 0 0 0 0 0 0 0 0 0 0 0 0
834.png 0 1 0 0 0 0 0 0 0 0 0 0 0 0 0 0 0 0 0 0
im0057.png 1 0 0 0 0 0 0 0 0 0 0 0 0 0 0 0 1 0 0 0
71.png 1 0 0 0 0 0 0 0 0 0 0 0 0 0 0 0 0 0 0 0
617.png 0 1 0 0 0 0 0 0 0 0 0 0 0 0 0 0 0 0 0 0
1059.png 0 0 0 0 0 0 0 0 1 0 0 0 0 0 0 0 0 0 0 0
334.png 0 0 0 0 0 0 0 0 0 0 0 0 0 0 0 0 0 0 0 1
1243.png 0 0 0 0 0 0 0 0 1 0 0 0 0 0 0 0 0 0 0 0
857.png 0 0 0 0 0 1 0 0 0 0 0 0 0 0 0 0 0 0 0 1
1793.png 0 0 1 1 0 0 0 0 0 0 0 0 0 0 0 0 0 0 0 0
im0325.png 0 0 0 0 0 0 0 0 0 0 0 0 0 0 0 0 0 0 0 1
1168.png 0 0 0 1 0 0 0 0 0 0 0 0 0 0 0 0 0 0 0 0
im0145.png 0 0 0 0 0 1 0 0 0 0 0 1 0 0 0 0 0 0 0 0
29.png 0 0 0 0 1 0 0 0 0 0 0 0 0 0 0 0 0 0 0 0
533.png 0 0 1 0 1 0 0 0 0 0 0 0 0 0 0 0 0 0 0 0
1862.png 0 1 0 0 0 0 0 0 0 0 0 0 0 0 0 0 0 0 0 0
581.png 0 0 0 0 0 0 1 0 0 0 0 0 0 0 0 0 0 0 0 0
im0284.png 0 0 0 0 0 0 0 0 0 0 0 0 0 0 0 0 0 1 0 0
im0348.png 1 0 0 0 0 0 0 0 0 0 0 0 0 0 0 0 0 0 0 0
539.png 1 0 0 0 0 0 0 0 0 0 0 0 0 0 0 0 0 0 0 0
1275.png 1 0 0 0 0 0 0 0 0 0 0 0 0 0 0 0 0 0 0 0
1126.png 0 0 0 1 0 0 0 0 0 0 0 0 0 0 0 0 0 0 0 0
407.png 0 0 0 0 0 0 0 0 0 0 0 0 0 1 0 0 0 0 0 0
41.png 0 0 1 0 0 0 0 0 1 0 0 0 0 0 0 0 0 0 0 0
im0381.png 0 0 0 0 0 0 1 0 0 0 0 1 0 0 0 0 0 1 0 1
432.png 0 0 0 0 0 0 0 0 0 1 0 0 0 0 0 0 0 0 0 0
891.png 0 0 0 0 0 0 0 0 0 0 1 0 0 0 0 0 0 0 0 0
795.png 0 1 0 0 0 0 0 0 0 0 0 0 0 0 0 0 0 0 0 0
aria_d_24_6.tif 1 0 0 0 0 0 0 0 0 0 0 0 0 0 0 0 0 0 0 0
1696.png 0 1 0 0 0 0 0 0 0 0 0 0 0 0 0 0 0 0 0 0
16.png 0 1 0 0 0 0 0 0 0 0 0 0 0 0 0 0 0 0 0 0
1050.png 0 0 0 0 0 1 0 0 0 0 0 0 0 0 0 0 0 0 0 0
784.png 0 0 0 0 1 0 0 0 0 0 0 0 0 0 0 0 0 0 0 0
741.png 0 0 0 1 1 0 0 0 0 0 0 0 0 0 0 0 0 0 0 0
1661.png 1 0 0 0 0 0 0 0 0 0 0 0 0 0 0 0 0 0 0 0
1633.png 0 0 0 0 1 1 0 0 0 0 0 0 0 0 0 0 0 0 0 0
im0289.png 0 0 0 0 0 0 0 0 0 0 0 0 0 0 0 0 0 0 0 1
8.png 0 0 0 0 0 1 0 1 0 0 0 0 0 0 0 0 0 0 0 0
im0103.png 0 0 0 0 0 0 0 0 0 0 0 1 0 0 0 0 0 0 0 0
im0363.png 0 0 0 0 0 0 0 0 0 0 0 0 0 0 0 0 0 0 0 1
1461.png 0 0 0 0 0 0 0 0 0 0 0 0 0 0 0 0 0 0 0 1
1038.png 0 0 0 0 0 0 0 0 0 0 1 0 0 0 0 0 0 0 0 0
998.png 0 0 0 0 0 0 0 0 0 1 0 0 0 0 0 0 0 0 0 0
1123.png 0 0 1 0 0 0 0 0 0 0 0 0 0 0 0 0 0 0 0 0
1411.png 0 1 0 0 0 0 0 0 0 0 0 0 0 0 0 0 0 0 0 0
384.png 0 0 0 0 0 0 0 0 1 0 0 0 0 0 0 0 0 0 0 0
308.png 1 0 0 0 0 0 0 0 0 0 0 0 0 0 0 0 0 0 0 0
1277.png 1 0 0 0 0 0 0 0 0 0 0 0 0 0 0 0 0 0 0 0
242.png 1 0 0 0 0 0 0 0 0 0 0 0 0 0 0 0 0 0 0 0
1362.png 1 0 0 1 0 0 0 0 0 0 0 0 0 0 0 0 0 0 0 0
1729.png 0 1 0 0 0 0 0 0 0 0 0 0 0 0 0 0 0 0 0 0
im0136.png 1 0 0 0 0 0 0 0 0 0 0 0 0 0 0 0 0 0 0 0
82.png 0 0 0 0 0 0 0 0 0 0 0 0 0 0 0 0 0 0 0 1
1176.png 0 1 0 0 0 0 0 0 0 0 0 0 0 0 0 0 0 0 0 0
842.png 0 0 0 1 0 0 0 1 0 0 0 0 0 0 0 0 0 0 0 0
1867.png 0 0 0 1 0 0 0 0 0 0 0 0 0 0 0 0 0 0 0 0
1200.png 0 0 1 0 1 0 0 0 0 0 0 0 0 0 0 0 0 0 0 0
1695.png 0 0 0 0 0 0 1 0 0 0 0 0 0 0 0 0 0 0 0 0
1506.png 0 0 1 0 0 0 0 0 0 0 0 0 0 0 0 0 0 0 0 0
aria_d_2_6.tif 1 0 0 0 0 0 0 0 0 0 0 0 0 0 0 0 0 0 0 0
259.png 0 0 0 0 0 0 0 0 0 0 0 0 1 0 0 0 0 0 0 0
1283.png 0 0 0 1 0 0 0 0 0 0 0 0 0 0 0 0 0 0 0 0
191.png 1 0 0 0 0 0 0 0 0 0 0 0 0 0 1 0 0 0 0 0
1041.png 0 1 0 0 0 0 0 0 0 0 0 0 0 0 0 0 0 0 0 0
23.png 0 0 0 1 0 0 0 0 0 0 0 0 0 0 0 0 0 0 0 0
1504.png 1 0 0 1 1 0 0 0 0 0 0 0 0 0 0 0 0 0 0 0
im0098.png 0 0 0 0 0 0 1 0 0 0 0 0 0 0 0 0 1 0 0 0
im0351.png 1 0 0 0 0 0 0 0 0 0 0 0 0 0 0 0 0 0 0 0
188.png 0 0 0 0 1 1 0 0 0 0 0 0 0 0 0 0 0 0 0 0
846.png 0 0 1 0 0 0 0 0 0 0 0 0 0 0 0 0 0 0 0 0
825.png 0 0 0 1 0 0 0 0 0 0 0 0 0 0 0 0 0 0 0 0
396.png 0 0 0 0 0 0 0 0 1 0 0 0 0 0 0 0 0 0 0 0
1109.png 0 1 0 0 0 0 0 0 0 0 0 0 0 0 0 0 0 0 0 0
1638.png 1 0 0 0 0 0 0 0 0 0 0 0 0 0 0 0 0 0 0 0
941.png 0 0 0 1 0 1 0 0 0 0 0 0 0 0 0 0 0 0 0 0
540.png 1 0 0 0 0 0 0 0 0 0 0 0 0 0 0 0 0 0 0 0
295.png 0 0 0 1 0 0 0 0 0 0 0 0 0 0 0 0 0 0 0 0
571.png 0 0 0 1 0 0 0 1 0 0 0 0 0 0 0 0 0 0 0 0
aria_c_46_12.tif 0 1 0 0 0 0 0 0 0 0 0 0 0 0 0 0 0 0 0 0
im0273.png 0 0 0 0 0 0 0 0 0 0 0 0 0 0 0 0 0 0 0 1
1894.png 0 1 0 0 0 0 0 0 0 0 0 0 0 0 0 0 0 0 0 0
im0231.png 0 1 0 0 0 0 0 0 0 0 0 0 0 0 0 0 0 0 0 0
969.png 0 1 0 0 0 0 0 0 0 0 0 0 0 0 0 0 0 0 0 0
im0300.png 0 0 0 0 0 0 0 0 0 0 0 0 1 0 0 0 0 0 0 0
870.png 0 0 0 0 0 0 0 0 0 0 0 0 0 1 0 0 0 0 0 0
742.png 0 0 0 0 0 0 1 0 0 0 0 0 0 0 1 0 0 0 0 0
1452.png 0 0 0 1 0 0 0 0 0 0 0 0 0 0 0 0 0 0 0 0
851.png 0 0 0 0 0 0 0 0 0 0 0 0 1 0 0 0 0 0 0 0
1372.png 0 0 0 1 0 0 0 0 0 0 0 0 0 0 0 0 0 0 0 0
1551.png 1 0 0 1 0 0 0 0 0 0 0 0 0 0 0 0 0 0 0 0
1337.png 1 0 0 0 0 0 0 0 0 0 0 0 0 0 0 0 0 0 0 0
727.png 0 0 0 0 0 0 0 0 0 0 1 0 0 0 0 0 0 0 0 0
115.png 0 1 0 0 0 0 0 0 0 0 0 0 0 0 0 0 0 0 0 0
1282.png 0 0 0 0 0 0 0 0 0 0 1 0 0 0 0 0 0 0 0 0
1315.png 0 0 0 0 0 0 0 0 0 0 1 0 0 0 0 0 0 0 0 0
1627.png 1 0 0 0 0 0 0 0 0 0 0 0 0 0 0 0 0 0 0 0
980.png 0 0 1 1 0 0 0 1 1 0 0 0 0 0 0 0 0 0 0 0
im0304.png 0 0 0 0 0 0 1 0 0 0 0 0 0 0 0 0 0 0 0 1
929.png 0 0 0 0 0 0 0 0 0 0 0 0 0 0 0 0 0 0 1 0
253.png 1 0 0 0 0 0 0 0 0 0 0 0 0 0 0 0 0 0 0 0
988.png 0 0 0 0 0 0 1 0 0 0 0 0 0 0 0 0 0 0 0 0
966.png 0 0 0 0 0 0 0 0 0 0 0 0 0 0 0 1 0 0 0 0
aria_a_56_1.tif 0 0 0 0 0 1 0 0 0 0 0 0 0 0 0 0 0 0 0 0
1920.png 0 1 0 0 0 0 0 0 0 0 0 0 0 0 0 0 0 0 0 0
683.png 0 0 0 1 0 0 0 0 1 0 0 0 0 0 0 0 0 0 0 0
880.png 0 0 0 0 0 0 1 0 0 0 0 0 0 0 0 0 0 0 0 0
397.png 0 0 0 0 1 0 1 0 0 0 0 0 0 0 0 0 0 0 0 0
im0157.png 1 0 0 0 0 0 0 0 0 0 0 0 0 0 0 0 0 0 0 0
im0218.png 0 0 0 0 0 0 0 0 0 0 1 0 0 0 0 0 0 0 0 0
1036.png 1 0 0 0 0 0 0 0 0 0 0 0 0 0 0 0 0 0 0 0
94.png 0 1 0 0 0 0 0 0 0 0 0 0 0 0 0 0 0 0 0 0
im0307.png 0 0 0 0 0 0 1 0 0 0 0 0 0 0 0 0 0 0 0 1
67.png 0 0 0 1 0 0 1 0 0 0 0 0 0 0 0 0 0 0 0 0
im0315.png 0 0 0 0 0 0 0 0 0 0 0 0 0 0 0 0 0 0 0 1
1272.png 0 0 0 1 0 0 0 0 0 0 0 0 0 0 0 0 0 0 0 0
im0401.png 0 0 0 0 0 0 1 0 0 0 0 0 0 0 0 0 0 0 0 1
1017.png 0 0 0 0 0 0 1 0 0 0 0 0 0 0 0 0 0 0 0 0
123.png 0 0 0 0 0 0 1 0 0 0 0 0 0 0 0 0 0 0 0 0
1132.png 0 0 0 0 1 0 1 0 0 0 0 0 0 0 0 0 0 0 0 0
im0139.png 1 0 0 0 0 0 0 0 0 0 0 0 0 0 0 0 0 0 0 0
aria_c_35_26.tif 0 1 0 0 0 0 0 0 0 0 0 0 0 0 0 0 0 0 0 0
