959.png 0 0 0 0 0 0 0 0 0 0 0 0 0 0 0 0 0 0 0 1
im0308.png 0 0 0 0 0 0 0 0 0 0 0 0 0 0 0 0 0 0 0 1
im0354.png 1 0 0 0 0 0 0 0 0 0 0 0 0 0 0 0 0 0 0 0
1823.png 0 1 0 0 0 0 0 0 0 0 0 0 0 0 0 0 0 0 0 0
1238.png 0 0 0 1 0 0 1 0 0 0 0 0 0 0 0 0 0 0 0 0
1342.png 0 0 0 0 0 0 0 0 0 0 0 0 0 1 0 0 0 0 0 0
1511.png 0 0 0 0 0 0 0 0 0 1 0 0 0 0 0 0 0 0 1 0
924.png 0 0 0 0 0 0 1 0 0 1 0 0 0 0 1 0 0 0 0 0
900.png 0 1 0 0 0 0 0 0 0 0 0 0 0 0 0 0 0 0 0 0
im0169.png 0 0 0 0 0 0 0 0 0 0 1 0 0 0 0 0 0 0 0 1
aria_d_20_17.tif 1 0 0 0 0 0 0 0 0 0 0 0 0 0 0 0 0 0 0 0
im0071.png 0 0 0 0 0 0 0 0 0 0 0 0 0 0 0 0 0 0 0 1
im0380.png 0 0 0 0 0 1 0 0 0 0 0 1 0 0 0 0 0 0 0 0
23.png 0 0 0 1 0 0 0 0 0 0 0 0 0 0 0 0 0 0 0 0
im0284.png 0 0 0 0 0 0 0 0 0 0 0 0 0 0 0 0 0 1 0 0
1882.png 0 1 0 0 0 0 0 0 0 0 0 0 0 0 0 0 0 0 0 0
1841.png 0 1 0 0 0 0 0 0 0 0 0 0 0 0 0 0 0 0 0 0
1881.png 0 1 0 0 0 0 0 0 0 0 0 0 0 0 0 0 0 0 0 0
1568.png 0 0 0 0 0 0 0 1 0 0 0 0 0 0 0 0 0 0 0 0
243.png 0 0 0 0 1 0 0 0 0 0 0 0 0 0 0 0 0 0 0 0
396.png 0 0 0 0 0 0 0 0 1 0 0 0 0 0 0 0 0 0 0 0
1337.png 1 0 0 0 0 0 0 0 0 0 0 0 0 0 0 0 0 0 0 0
530.png 0 1 0 0 0 0 0 0 0 0 0 0 0 0 0 0 0 0 0 0
1392.png 0 1 0 0 0 0 0 0 0 0 0 0 0 0 0 0 0 0 0 0
621.png 0 0 0 0 0 0 0 0 1 0 0 0 0 0 0 0 0 0 0 0
78.png 0 0 1 1 0 0 0 0 0 0 0 0 0 0 0 0 0 0 0 0
167.png 0 1 0 0 0 0 0 0 0 0 0 0 0 0 0 0 0 0 0 0
im0042.png 0 0 0 0 0 0 0 0 0 0 0 0 1 0 0 0 0 0 0 1
537.png 0 1 0 0 0 0 0 0 0 0 0 0 0 0 0 0 0 0 0 0
449.png 0 1 0 0 0 0 0 0 0 0 0 0 0 0 0 0 0 0 0 0
456.png 0 0 1 0 0 0 0 0 0 0 0 0 0 0 0 0 0 0 0 1
1743.png 0 1 0 0 0 0 0 0 0 0 0 0 0 0 0 0 0 0 0 0
1806.png 0 0 0 1 0 0 0 0 0 0 0 0 0 0 0 0 0 0 0 0
603.png 0 0 0 1 0 0 0 0 0 0 0 0 0 0 0 0 0 0 0 1
im0136.png 1 0 0 0 0 0 0 0 0 0 0 0 0 0 0 0 0 0 0 0
1904.png 0 1 0 0 0 0 0 0 0 0 0 0 0 0 0 0 0 0 0 0
330.png 0 0 1 1 1 0 0 0 0 0 0 0 0 0 0 0 0 0 0 0
1782.png 0 1 0 0 0 0 0 0 0 0 0 0 0 0 0 0 0 0 0 0
878.png 0 0 0 0 0 1 0 0 0 0 0 0 0 0 0 0 0 0 0 0
207.png 0 0 0 0 1 1 0 0 0 0 0 0 0 0 0 0 0 0 0 0
im0057.png 1 0 0 0 0 0 0 0 0 0 0 0 0 0 0 0 1 0 0 0
179.png 0 1 0 0 0 0 0 0 0 0 0 0 0 0 0 0 0 0 0 0
im0133.png 1 0 0 0 0 0 0 0 0 0 0 0 0 0 0 0 0 0 0 0
1360.png 0 0 0 0 1 0 0 0 1 0 0 0 0 0 0 0 0 0 0 0
1876.png 0 1 0 0 0 0 0 0 0 0 0 0 0 0 0 0 0 0 0 0
994.png 0 0 0 0 0 0 0 0 0 0 0 0 0 0 0 0 0 0 0 1
666.png 0 1 0 0 0 0 0 0 0 0 0 0 0 0 0 0 0 0 0 0
1181.png 1 0 0 0 0 0 0 0 0 0 0 0 0 0 0 0 0 0 0 0
(0026)aria_d_27.tif 1 0 0 0 0 0 0 0 0 0 0 0 0 0 0 0 0 0 0 0
332.png 0 0 0 0 0 0 0 0 0 0 0 0 0 1 0 0 0 0 0 0
205.png 0 0 1 0 0 0 0 0 0 0 0 0 0 0 0 0 0 0 0 0
aria_d_18_21.tif 1 0 0 0 0 0 0 0 0 0 0 0 0 0 0 0 0 0 0 0
1542.png 1 0 0 0 0 0 0 0 0 0 0 0 0 0 0 0 0 0 0 0
1134.png 0 1 0 0 0 0 0 0 0 0 0 0 0 0 0 0 0 0 0 0
im0220.png 0 0 0 0 0 0 0 0 0 0 0 0 0 0 0 0 1 0 0 0
im0266.png 0 0 0 0 0 1 1 0 0 0 0 0 0 0 0 0 1 0 0 0
434.png 0 0 0 0 0 0 1 0 0 0 0 0 0 0 0 0 0 0 0 0
536.png 0 1 0 0 0 0 0 0 0 0 0 0 0 0 0 0 0 0 0 0
1431.png 0 0 1 0 1 0 0 0 1 0 0 0 0 0 0 0 0 0 0 0
1768.png 0 1 0 0 0 0 0 0 0 0 0 0 0 0 0 0 0 0 0 0
949.png 1 0 0 0 0 0 0 0 0 0 0 0 0 0 0 0 0 0 0 0
808.png 0 0 0 0 0 0 0 0 0 0 0 0 0 1 0 0 0 0 0 0
446.png 0 0 1 0 0 0 0 0 0 0 0 0 0 0 0 0 0 0 0 0
im0213.png 0 1 0 0 0 0 0 0 0 0 0 0 0 0 0 0 0 0 0 1
581.png 0 0 0 0 0 0 1 0 0 0 0 0 0 0 0 0 0 0 0 0
850.png 0 1 0 0 0 0 0 0 0 0 0 0 0 0 0 0 0 0 0 0
46.png 0 0 1 0 0 0 0 0 0 0 0 0 0 0 0 0 0 0 0 0
1487.png 1 0 0 0 0 0 0 0 0 0 0 0 0 0 0 0 0 0 0 1
681.png 0 0 1 0 0 0 0 0 0 0 0 0 0 0 0 0 0 0 0 0
im0221.png 0 0 0 0 0 0 0 0 0 0 0 0 0 0 0 0 0 0 0 1
1600.png 0 0 0 0 0 1 0 0 0 0 0 0 0 0 0 0 0 0 0 0
im0400.png 0 0 0 0 0 0 0 0 0 0 0 0 0 0 0 0 0 1 0 1
255.png 0 1 0 0 0 0 0 0 0 0 0 0 0 0 0 0 0 0 0 0
220.png 0 0 0 0 1 0 0 0 0 1 0 0 0 0 0 0 0 0 0 0
101.png 1 0 0 0 0 0 0 0 0 0 0 0 0 0 0 0 0 0 0 0
im0299.png 0 0 0 0 0 0 0 0 0 0 0 0 0 0 0 0 0 0 0 1
185.png 0 0 0 1 0 1 0 1 0 0 0 0 0 0 0 0 0 0 0 0
439.png 0 0 0 0 0 0 0 0 0 0 0 0 1 0 0 0 0 0 0 0
918.png 0 0 0 0 0 0 0 1 0 0 0 0 0 0 0 0 0 0 0 0
im0179.png 1 0 0 0 0 0 0 0 0 0 0 0 0 0 0 0 0 0 0 0
1384.png 1 0 0 0 0 0 0 0 0 0 0 0 0 0 0 0 0 0 0 0
1356.png 1 0 0 0 0 0 0 0 0 0 0 0 0 0 0 0 0 0 0 0
1873.png 0 1 0 0 0 0 0 0 0 0 0 0 0 0 0 0 0 0 0 0
1863.png 0 1 0 0 0 0 0 0 0 0 0 0 0 0 0 0 0 0 0 0
1636.png 1 0 0 0 0 0 0 0 0 0 0 0 0 0 0 0 0 0 0 0
193.png 0 0 0 0 0 0 0 0 0 0 0 0 0 0 0 0 0 0 0 1
im0327.png 0 0 0 0 0 0 0 0 0 0 0 0 0 0 0 0 0 0 0 1
im0218.png 0 0 0 0 0 0 0 0 0 0 1 0 0 0 0 0 0 0 0 0
867.png 0 0 0 0 0 0 0 0 0 0 0 0 0 0 0 1 0 0 0 0
547.png 0 0 0 0 0 1 0 0 0 0 0 0 0 0 0 0 0 0 0 0
663.png 0 0 1 1 0 0 0 0 0 0 0 0 0 0 0 0 0 0 0 0
1695.png 0 0 0 0 0 0 1 0 0 0 0 0 0 0 0 0 0 0 0 0
811.png 0 0 0 0 0 0 0 0 0 1 0 0 0 0 0 0 0 0 0 0
701.png 0 1 0 0 0 0 0 0 0 0 0 0 0 0 0 0 0 0 0 0
im0123.png 1 0 0 0 0 0 0 0 0 0 0 0 0 0 0 0 0 0 0 0
937.png 0 0 1 0 0 0 0 0 0 0 0 0 0 0 0 0 0 0 0 0
im0107.png 0 0 0 0 0 0 0 0 0 0 0 0 0 0 0 0 0 0 0 1
1204.png 0 0 0 0 0 0 0 0 0 0 0 0 0 0 0 0 0 0 1 0
87.png 0 0 0 0 0 0 0 0 0 0 0 0 0 0 0 1 0 0 0 0
1070.png 1 0 0 0 0 0 0 0 0 0 0 0 0 0 0 0 0 0 0 0
376.png 0 0 0 0 0 0 0 0 0 0 0 0 0 1 0 0 0 0 0 0
423.png 0 0 0 0 0 0 0 0 0 0 0 0 0 0 0 1 0 0 0 0
261.png 0 0 0 0 0 0 0 0 0 0 0 0 0 0 0 0 0 0 1 0
im0228.png 1 0 0 0 0 0 0 0 0 0 0 0 0 0 0 0 0 0 0 0
374.png 0 1 0 0 0 0 0 0 0 0 0 0 0 0 0 0 0 0 0 0
419.png 0 0 0 0 0 1 0 1 1 0 0 0 0 0 0 0 0 0 0 0
1470.png 0 0 0 0 0 0 0 0 0 0 0 0 0 0 0 0 0 0 0 1
1896.png 0 1 0 0 0 0 0 0 0 0 0 0 0 0 0 0 0 0 0 0
1075.png 0 0 0 0 0 0 1 0 0 0 0 0 0 0 0 0 0 0 0 1
1902.png 0 0 1 0 1 0 0 0 0 0 0 0 0 0 0 0 0 0 0 0
1086.png 0 1 0 0 0 0 0 0 0 0 0 0 0 0 0 0 0 0 0 0
810.png 0 0 0 0 0 0 0 0 0 1 0 0 0 0 0 0 0 0 0 0
665.png 0 0 0 0 0 0 0 0 0 0 0 0 0 1 0 0 0 0 0 0
1024.png 0 1 0 0 0 0 0 0 0 0 0 0 0 0 0 0 0 0 0 0
893.png 0 1 0 0 0 0 0 0 0 0 0 0 0 0 0 0 0 0 0 0
92.png 0 1 0 0 0 0 0 0 0 0 0 0 0 0 0 0 0 0 0 0
715.png 0 1 0 0 0 0 0 0 0 0 0 0 0 0 0 0 0 0 0 0
744.png 0 0 1 0 0 0 0 0 0 0 0 0 0 0 0 0 0 0 0 0
1325.png 0 0 1 1 0 0 0 0 0 0 0 0 0 0 0 0 0 0 0 0
1251.png 1 0 0 0 0 0 0 0 0 0 0 0 0 0 0 0 0 0 0 0
1491.png 0 0 0 1 0 0 0 1 0 0 0 0 0 0 0 0 0 0 0 0
im0315.png 0 0 0 0 0 0 0 0 0 0 0 0 0 0 0 0 0 0 0 1
1191.png 0 0 0 0 0 1 0 0 0 0 0 0 0 0 0 0 0 0 0 0
1770.png 0 0 1 0 0 0 0 0 0 0 0 0 0 0 0 0 0 0 0 0
119.png 1 0 0 0 0 0 0 0 0 0 0 0 0 0 0 0 0 0 0 0
(0031)aria_c_37.tif 0 1 0 0 0 0 0 0 0 0 0 0 0 0 0 0 0 0 0 0
213.png 0 0 1 0 1 0 0 0 0 0 0 0 0 0 0 0 0 0 0 1
706.png 1 0 0 0 0 0 0 0 0 0 0 0 0 0 0 0 0 0 0 0
1391.png 0 0 0 1 0 0 0 0 1 0 0 0 0 0 0 0 0 0 0 1
1639.png 1 0 0 0 0 0 0 0 0 0 0 0 0 0 0 0 0 0 0 0
683.png 0 0 0 1 0 0 0 0 1 0 0 0 0 0 0 0 0 0 0 0
855.png 0 0 0 0 0 0 1 0 0 0 0 0 0 0 0 0 0 0 0 0
1260.png 0 0 0 0 0 0 0 0 0 0 1 0 0 0 0 0 0 0 0 0
868.png 0 1 0 0 0 0 0 0 0 0 0 0 0 0 0 0 0 0 0 0
1759.png 0 1 0 0 0 0 0 0 0 0 0 0 0 0 0 0 0 0 0 0
120.png 1 0 0 0 0 0 0 0 0 0 0 0 0 0 0 0 0 0 0 0
im0243.png 0 1 0 0 0 0 0 0 0 0 0 0 0 0 0 0 0 0 0 0
1730.png 0 1 0 0 0 0 0 0 0 0 0 0 0 0 0 0 0 0 0 0
1421.png 0 0 0 0 0 0 0 1 0 0 0 0 0 0 0 0 0 0 0 0
438.png 0 0 0 0 0 0 0 0 0 0 0 0 1 0 0 0 0 0 0 0
1259.png 0 0 0 0 0 0 0 1 0 0 0 0 0 0 0 0 0 0 0 0
im0029.png 0 0 0 0 0 0 0 0 0 0 0 0 0 0 0 0 0 0 0 1
1399.png 0 0 0 1 0 0 0 0 0 0 0 0 0 0 0 0 0 0 0 0
1409.png 1 0 0 0 0 0 0 0 0 0 0 0 0 0 0 0 0 0 0 0
841.png 0 0 0 0 0 0 1 0 0 0 0 0 0 0 0 0 0 0 0 0
756.png 0 0 0 0 0 1 0 0 0 0 0 0 0 0 0 0 0 0 0 0
1561.png 1 0 0 0 0 0 0 0 0 0 0 0 0 0 0 0 0 0 0 1
275.png 0 0 0 0 0 0 0 0 0 0 0 0 0 0 0 0 0 0 0 1
aria_d_22_22.tif 1 0 0 0 0 0 0 0 0 0 0 0 0 0 0 0 0 0 0 0
593.png 0 1 0 0 0 0 0 0 0 0 0 0 0 0 0 0 0 0 0 0
im0162.png 0 1 0 0 0 0 0 0 0 0 0 0 0 0 0 0 0 0 0 0
654.png 0 0 0 0 0 0 1 0 0 0 0 0 0 0 0 0 0 0 0 0
aria_c_20_1.tif 0 1 0 0 0 0 0 0 0 0 0 0 0 0 0 0 0 0 0 0
aria_a_20_6.tif 0 0 0 0 0 1 0 0 0 0 0 0 0 0 0 0 0 0 0 0
224.png 0 0 0 0 0 1 0 1 0 0 0 0 0 0 0 0 0 0 0 0
1552.png 0 0 0 0 0 1 0 0 0 0 0 0 0 0 0 0 0 0 0 0
333.png 0 0 0 0 0 0 0 0 0 0 0 0 0 1 0 0 0 0 0 1
aria_a_10_27.tif 0 0 0 0 0 1 0 0 0 0 0 0 0 0 0 0 0 0 0 0
1294.png 0 0 0 0 0 0 0 0 0 0 0 0 0 0 0 0 0 0 1 0
aria_a_11_30.tif 0 0 0 0 0 1 0 0 0 0 0 0 0 0 0 0 0 0 0 0
612.png 0 0 0 0 0 0 0 0 0 0 1 0 0 0 0 0 0 0 0 0
im0363.png 0 0 0 0 0 0 0 0 0 0 0 0 0 0 0 0 0 0 0 1
882.png 0 0 0 0 0 0 0 0 0 0 0 0 0 0 0 1 0 0 0 0
844.png 0 0 0 0 0 0 1 0 1 0 0 0 0 0 0 0 0 0 0 0
im0382.png 0 0 0 0 0 0 1 0 0 0 0 1 0 0 0 0 0 0 0 0
984.png 0 0 0 0 0 0 1 0 0 0 0 0 0 0 0 0 0 0 0 0
846.png 0 0 1 0 0 0 0 0 0 0 0 0 0 0 0 0 0 0 0 0
1185.png 0 1 0 0 0 0 0 0 0 0 0 0 0 0 0 0 0 0 0 0
1449.png 0 0 0 1 0 0 0 0 0 0 0 0 0 0 0 0 0 0 0 0
30.png 0 0 0 0 0 0 0 0 0 0 0 0 0 0 0 0 0 0 1 0
491.png 0 0 0 0 0 0 0 0 0 0 0 0 0 0 0 0 0 0 0 1
644.png 0 0 0 0 0 0 0 0 0 1 0 0 0 0 0 0 0 0 0 1
1472.png 0 0 0 1 0 0 0 0 0 0 0 0 0 0 0 0 0 0 0 0
1148.png 0 0 0 0 0 0 0 0 0 0 0 0 0 0 0 0 0 0 0 1
523.png 1 0 0 0 0 0 0 0 0 0 0 0 0 0 0 0 0 0 0 0
1080.png 0 0 0 0 0 0 0 0 0 0 0 0 0 0 0 0 0 0 0 1
1105.png 1 0 0 0 1 0 0 0 0 0 0 0 0 0 0 0 0 0 0 0
1281.png 0 0 0 1 0 0 0 0 0 0 0 0 0 0 0 0 0 0 0 0
730.png 0 1 0 0 0 0 0 0 0 0 0 0 0 0 0 0 0 0 0 0
425.png 0 0 0 0 0 0 0 0 0 0 0 0 1 0 0 0 0 0 0 0
671.png 0 0 0 0 0 0 0 0 0 1 0 0 0 0 0 0 0 0 0 0
613.png 1 0 0 0 0 0 0 0 0 0 0 0 0 0 0 0 0 0 0 0
1745.png 0 1 0 0 0 0 0 0 0 0 0 0 0 0 0 0 0 0 0 0
1309.png 1 0 0 0 0 0 0 0 0 0 0 0 0 0 0 0 0 0 0 0
im0086.png 0 0 0 0 0 0 0 0 0 0 0 0 0 0 0 0 0 0 0 1
1408.png 1 0 0 0 0 0 0 0 0 0 0 0 0 0 0 0 0 0 0 0
im0023.png 0 0 0 0 0 0 0 0 0 0 0 0 0 0 0 0 0 0 0 1
407.png 0 0 0 0 0 0 0 0 0 0 0 0 0 1 0 0 0 0 0 0
531.png 0 1 0 0 0 0 0 0 0 0 0 0 0 0 0 0 0 0 0 0
1894.png 0 1 0 0 0 0 0 0 0 0 0 0 0 0 0 0 0 0 0 0
1043.png 1 0 0 1 0 0 0 0 0 0 0 0 0 0 1 0 0 0 0 0
623.png 0 0 0 0 1 0 0 0 0 0 0 0 0 0 0 0 0 0 0 0
im0385.png 0 0 0 0 0 1 0 0 0 0 0 1 0 0 0 0 0 0 0 0
im0060.png 1 0 0 0 0 0 0 0 0 0 0 0 0 0 0 0 0 0 0 0
156.png 0 0 0 1 0 0 0 0 0 0 0 0 0 0 0 0 0 0 0 0
165.png 0 0 1 0 1 0 0 0 0 0 0 0 0 0 0 0 0 0 0 0
im0237.png 0 1 0 0 0 0 0 0 0 0 0 0 0 0 0 0 0 0 0 0
im0028.png 0 0 0 0 0 0 0 0 0 0 1 0 0 0 0 0 0 1 0 0
im0075.png 0 0 0 0 0 0 0 0 0 0 0 0 0 0 0 0 1 0 0 0
79.png 0 0 0 0 0 0 0 0 0 0 0 0 0 0 0 0 0 0 0 1
1821.png 0 1 0 0 0 0 0 0 0 0 0 0 0 0 0 0 0 0 0 0
im0103.png 0 0 0 0 0 0 0 0 0 0 0 1 0 0 0 0 0 0 0 0
214.png 1 0 0 0 0 0 0 0 0 0 0 0 0 0 0 0 0 0 0 0
53.png 0 0 0 1 0 0 0 0 0 0 0 0 0 0 0 1 0 0 0 0
1029.png 0 0 0 0 1 1 0 0 0 0 0 0 0 0 0 0 0 0 0 0
1729.png 0 1 0 0 0 0 0 0 0 0 0 0 0 0 0 0 0 0 0 0
639.png 0 0 0 1 1 0 0 0 0 0 0 0 0 0 0 0 0 0 0 0
1013.png 0 0 1 0 0 1 0 1 0 0 0 0 0 0 0 0 0 0 0 0
1795.png 0 1 0 0 0 0 0 0 0 0 0 0 0 0 0 0 0 0 0 0
270.png 0 1 0 0 0 0 0 0 0 0 0 0 0 0 0 0 0 0 0 0
111.png 1 0 0 0 0 0 0 0 0 0 0 0 0 0 0 0 0 0 0 0
771.png 0 0 0 0 0 0 0 1 0 0 0 0 0 0 0 0 0 0 0 0
273.png 0 0 1 0 0 0 0 0 0 0 0 0 0 0 0 0 0 0 0 0
1104.png 1 0 0 0 1 0 0 0 0 0 0 0 0 0 0 0 0 0 0 0
aria_d_7_17.tif 1 0 0 0 0 0 0 0 0 0 0 0 0 0 0 0 0 0 0 0
1376.png 0 0 1 0 0 0 0 0 0 0 0 0 0 0 0 0 0 0 0 0
im0381.png 0 0 0 0 0 0 1 0 0 0 0 1 0 0 0 0 0 1 0 1
1422.png 0 0 0 0 0 0 0 0 0 0 0 0 0 1 0 0 0 0 0 0
874.png 0 0 1 1 0 0 0 0 0 0 0 0 0 0 0 0 0 0 0 0
im0247.png 1 0 0 0 0 0 0 0 0 0 0 0 0 0 0 0 0 0 0 0
960.png 0 0 1 1 1 0 0 0 0 0 0 0 0 0 0 0 0 0 0 0
im0340.png 1 0 0 0 0 0 0 0 0 0 0 0 0 0 0 0 0 0 0 0
716.png 0 0 0 0 1 0 0 0 0 0 0 0 0 0 0 0 0 0 0 1
1314.png 0 1 0 0 0 0 0 0 0 0 0 0 0 0 0 0 0 0 0 0
1530.png 1 0 0 0 0 0 0 0 0 0 0 0 0 0 0 0 0 0 0 1
1102.png 0 1 0 0 0 0 0 0 0 0 0 0 0 0 0 0 0 0 0 0
1206.png 0 0 0 1 0 0 0 0 0 0 0 0 0 0 0 0 0 0 0 0
143.png 1 0 0 0 0 0 0 0 0 0 0 0 0 0 0 0 0 0 0 0
1630.png 0 0 0 0 0 0 0 0 0 0 0 0 0 1 0 0 0 0 0 0
240.png 0 0 1 1 1 0 0 0 0 0 0 0 0 0 0 0 0 0 0 0
617.png 0 1 0 0 0 0 0 0 0 0 0 0 0 0 0 0 0 0 0 0
1836.png 0 0 1 0 0 0 0 0 0 0 0 0 0 0 0 0 0 0 0 0
1886.png 0 1 0 0 0 0 0 0 0 0 0 0 0 0 0 0 0 0 0 0
345.png 0 0 0 0 0 0 0 0 0 0 0 0 0 0 0 0 0 0 1 0
710.png 1 0 0 0 0 0 0 0 0 0 0 0 0 0 0 0 0 0 0 1
625.png 1 0 0 1 0 0 0 0 0 0 0 0 0 0 1 0 0 0 0 0
1497.png 1 0 0 0 1 0 0 0 0 0 0 0 0 0 0 0 0 0 0 0
860.png 0 0 0 0 0 0 0 0 0 0 0 0 0 0 0 1 0 0 0 0
1885.png 0 1 0 0 0 0 0 0 0 0 0 0 0 0 0 0 0 0 0 0
im0197.png 1 0 0 0 0 0 0 0 0 0 0 0 0 0 0 0 0 0 0 0
im0106.png 0 0 0 0 0 1 0 0 0 0 0 1 0 0 0 0 0 0 0 0
1041.png 0 1 0 0 0 0 0 0 0 0 0 0 0 0 0 0 0 0 0 0
1582.png 1 0 0 0 0 0 0 0 0 0 0 0 0 0 0 0 0 0 0 0
1380.png 1 0 0 0 0 0 0 0 0 0 0 0 0 0 0 0 0 0 0 0
im0175.png 0 0 0 0 0 0 1 0 0 0 0 0 0 0 0 0 0 0 0 0
953.png 0 0 0 0 0 0 0 0 0 0 0 0 0 0 0 0 0 0 0 1
1601.png 0 1 0 0 0 0 0 0 0 0 0 0 0 0 0 0 0 0 0 0
552.png 0 0 0 0 0 0 0 0 0 0 0 0 0 1 0 0 0 0 0 0
1266.png 0 0 0 0 0 0 0 0 0 0 1 0 0 0 0 0 0 0 0 0
im0034.png 0 0 0 0 0 1 0 0 0 0 0 1 0 0 0 0 0 0 0 0
704.png 0 0 0 1 0 0 0 0 0 0 0 0 0 0 0 0 0 0 0 0
249.png 0 0 0 0 0 0 0 0 0 0 0 0 1 0 0 0 0 0 0 0
1551.png 1 0 0 1 0 0 0 0 0 0 0 0 0 0 0 0 0 0 0 0
1267.png 0 0 0 1 0 0 0 0 0 0 0 0 0 0 0 0 0 0 0 0
im0223.png 1 0 0 0 0 0 0 0 0 0 0 0 0 0 0 0 0 0 0 0
807.png 0 0 0 0 0 0 0 0 0 0 0 0 0 1 0 0 0 0 0 1
1588.png 0 1 0 0 0 0 0 0 0 0 0 0 0 0 0 0 0 0 0 0
1310.png 0 0 0 1 0 0 0 0 0 0 0 0 0 0 0 0 0 0 0 0
978.png 0 0 0 0 0 0 0 0 0 0 0 0 0 0 0 0 0 0 0 1
1468.png 0 0 0 1 0 0 0 0 0 0 0 0 0 0 0 0 0 0 0 0
227.png 0 0 0 0 0 0 1 0 0 0 0 0 0 0 0 0 0 0 0 0
1758.png 0 0 0 0 1 0 0 0 0 0 0 0 0 0 0 0 0 0 0 0
im0198.png 0 1 0 0 0 0 0 0 0 0 0 0 0 0 0 0 0 0 0 0
341.png 0 0 1 0 0 0 0 1 0 0 0 0 0 0 0 0 0 0 0 0
1851.png 0 0 0 0 0 0 0 1 0 0 0 0 0 0 0 0 0 0 0 0
172.png 0 0 0 0 0 0 0 0 0 0 0 0 0 0 0 1 0 0 0 0
1219.png 0 0 0 1 0 0 0 0 0 0 0 0 0 0 0 0 0 0 0 0
992.png 0 0 0 0 0 0 0 0 0 0 0 0 1 0 0 0 0 0 0 0
1901.png 0 1 0 0 0 0 0 0 0 0 0 0 0 0 0 0 0 0 0 0
im0289.png 0 0 0 0 0 0 0 0 0 0 0 0 0 0 0 0 0 0 0 1
550.png 0 0 1 0 0 0 0 0 0 0 0 0 0 0 0 0 0 0 0 0
1536.png 0 0 0 0 0 0 0 0 0 0 0 0 0 0 0 0 0 0 1 1
1678.png 0 0 0 0 0 1 0 0 0 0 0 0 0 0 0 0 0 0 0 0
132.png 0 0 0 0 0 0 1 0 0 0 0 0 0 0 0 0 0 0 0 0
1351.png 0 0 1 0 0 0 0 0 0 0 0 0 0 0 0 0 0 0 0 0
1776.png 0 0 0 1 0 0 0 0 0 0 0 0 0 0 0 0 0 0 0 0
1315.png 0 0 0 0 0 0 0 0 0 0 1 0 0 0 0 0 0 0 0 0
546.png 0 0 0 0 1 1 0 0 0 0 0 0 0 0 0 0 0 0 0 0
aria_d_5_22.tif 1 0 0 0 0 0 0 0 0 0 0 0 0 0 0 0 0 0 0 0
604.png 0 0 0 1 0 0 0 0 0 0 0 0 0 0 0 0 0 0 0 1
im0084.png 0 0 0 0 0 1 0 0 0 0 0 1 0 0 0 0 0 0 0 0
714.png 0 0 0 0 1 0 0 0 0 0 0 0 0 0 0 0 0 0 0 0
1817.png 0 1 0 0 0 0 0 0 0 0 0 0 0 0 0 0 0 0 0 0
1802.png 0 1 0 0 0 0 0 0 0 0 0 0 0 0 0 0 0 0 0 0
348.png 0 0 0 0 1 0 0 0 1 0 0 0 0 0 0 0 0 0 0 0
im0153.png 0 0 0 0 0 0 0 0 0 0 0 0 0 0 0 0 0 0 0 1
1654.png 0 0 1 0 0 0 0 0 0 0 0 0 0 0 0 0 0 0 0 0
599.png 0 0 0 1 0 0 0 0 0 0 0 0 0 0 0 0 0 0 0 1
334.png 0 0 0 0 0 0 0 0 0 0 0 0 0 0 0 0 0 0 0 1
441.png 1 0 0 0 0 0 0 0 0 0 0 0 0 0 1 0 0 0 0 1
im0322.png 0 0 0 0 0 0 0 0 0 0 0 0 0 0 0 0 0 0 0 1
im0262.png 0 0 0 0 0 0 1 0 0 0 0 0 0 0 0 0 0 1 0 0
1365.png 1 0 0 0 1 0 0 0 0 0 0 0 0 0 0 0 0 0 0 0
798.png 0 1 0 0 0 0 0 0 0 0 0 0 0 0 0 0 0 0 0 0
770.png 0 0 0 0 0 0 0 0 0 0 1 0 0 0 0 0 0 0 0 0
16.png 0 1 0 0 0 0 0 0 0 0 0 0 0 0 0 0 0 0 0 0
1401.png 0 0 0 1 0 0 0 0 0 0 0 0 0 0 0 0 0 0 0 1
im0031.png 1 0 0 0 0 0 0 0 0 0 0 0 0 0 0 0 0 0 0 0
575.png 0 0 0 0 0 0 0 0 0 0 0 0 0 0 0 1 0 0 0 0
aria_d_9_24.tif 1 0 0 0 0 0 0 0 0 0 0 0 0 0 0 0 0 0 0 0
655.png 0 0 0 0 0 0 0 0 0 0 0 0 0 0 0 1 0 0 0 0
372.png 0 0 0 0 0 0 1 0 0 0 0 0 0 0 0 0 0 0 0 0
im0015.png 0 0 0 0 0 0 1 0 0 0 0 0 0 0 0 0 0 0 0 0
aria_d_17_2.tif 1 0 0 0 0 0 0 0 0 0 0 0 0 0 0 0 0 0 0 0
im0376.png 0 0 0 0 0 1 0 0 0 0 0 1 0 0 0 0 0 0 0 0
1234.png 0 0 1 1 0 0 0 0 0 0 0 0 0 0 0 0 0 0 0 0
1689.png 0 0 0 1 1 0 0 0 0 1 0 0 0 0 0 0 0 0 0 0
im0210.png 0 0 0 0 0 0 0 0 0 0 1 0 0 0 0 0 0 0 0 0
705.png 1 0 0 0 0 0 0 0 0 0 0 0 0 0 0 0 0 0 0 0
1593.png 1 0 0 0 0 0 0 0 0 0 0 0 0 0 0 0 0 0 0 0
1629.png 1 0 0 0 0 0 0 0 0 0 0 0 0 0 0 0 0 0 0 0
476.png 0 0 1 1 0 0 0 0 0 0 0 0 0 0 0 0 0 0 0 0
543.png 0 0 0 0 0 0 0 0 0 0 0 0 0 0 0 0 0 0 0 1
1671.png 0 0 0 0 0 0 0 0 1 0 0 0 0 0 0 0 0 0 0 0
241.png 1 0 0 0 0 0 0 0 0 0 0 0 0 0 0 0 0 0 0 0
1504.png 1 0 0 1 1 0 0 0 0 0 0 0 0 0 0 0 0 0 0 0
im0375.png 0 0 0 0 0 1 0 0 0 0 0 1 0 0 0 0 0 0 0 0
1515.png 1 0 0 0 0 0 0 0 0 0 0 0 0 0 0 0 0 0 0 0
1541.png 1 0 0 0 0 0 0 0 0 0 0 0 0 0 0 0 0 0 0 0
664.png 0 0 0 1 0 0 0 0 0 0 0 0 0 0 0 0 0 0 0 0
1675.png 0 1 0 0 0 0 0 0 0 0 0 0 0 0 0 0 0 0 0 0
1398.png 1 0 0 0 0 0 0 0 0 0 0 0 0 0 0 0 0 0 0 0
1140.png 0 0 0 0 0 0 0 0 0 0 0 0 0 1 0 0 0 0 0 0
1893.png 0 1 0 0 0 0 0 0 0 0 0 0 0 0 0 0 0 0 0 0
297.png 0 0 0 1 0 0 0 0 1 0 0 0 0 0 0 0 0 0 0 0
im0054.png 0 0 0 0 0 0 0 0 0 0 0 1 0 0 0 0 0 0 0 1
958.png 0 0 0 0 0 0 1 0 0 0 0 0 0 0 0 0 0 0 0 0
1127.png 1 0 0 0 1 0 0 0 0 0 0 0 0 0 0 0 0 0 0 0
885.png 0 1 0 0 0 0 0 0 0 0 0 0 0 0 0 0 0 0 0 0
840.png 0 1 0 0 0 0 0 0 0 0 0 0 0 0 0 0 0 0 0 0
94.png 0 1 0 0 0 0 0 0 0 0 0 0 0 0 0 0 0 0 0 0
1887.png 0 0 0 0 1 0 0 0 0 0 0 0 0 0 0 0 0 0 0 0
1649.png 1 0 0 0 0 0 0 0 0 0 0 0 0 0 0 0 0 0 0 0
aria_d_13_2.tif 1 0 0 0 0 0 0 0 0 0 0 0 0 0 0 0 0 0 0 0
1562.png 0 1 0 0 0 0 0 0 0 0 0 0 0 0 0 0 0 0 0 0
im0252.png 0 1 0 0 0 0 0 0 0 0 0 0 0 0 0 0 0 0 0 0
485.png 0 0 0 0 0 1 0 1 0 0 0 0 0 0 0 0 0 0 0 0
aria_d_24_6.tif 1 0 0 0 0 0 0 0 0 0 0 0 0 0 0 0 0 0 0 0
im0001.png 1 0 0 0 0 0 0 0 0 0 0 0 0 0 0 0 0 0 0 0
146.png 0 0 0 1 1 0 0 0 0 0 0 0 0 0 0 0 0 0 0 1
7.png 0 0 0 0 0 1 0 1 0 0 0 0 0 0 0 0 0 0 0 0
950.png 1 0 0 0 0 0 0 0 0 0 0 0 0 0 0 0 0 0 0 0
1378.png 1 0 0 0 0 0 0 0 0 0 0 0 0 0 0 0 0 0 0 0
966.png 0 0 0 0 0 0 0 0 0 0 0 0 0 0 0 1 0 0 0 0
91.png 0 1 0 0 0 0 0 0 0 0 0 0 0 0 0 0 0 0 0 0
1205.png 0 0 0 0 0 0 0 0 0 0 0 0 0 1 0 0 0 0 0 0
1775.png 0 1 0 0 0 0 0 0 0 0 0 0 0 0 0 0 0 0 0 0
aria_c_2_3.tif 0 1 0 0 0 0 0 0 0 0 0 0 0 0 0 0 0 0 0 0
435.png 0 1 0 0 0 0 0 0 0 0 0 0 0 0 0 0 0 0 0 0
1488.png 1 0 0 0 0 0 0 0 0 1 0 0 0 0 1 0 0 0 0 0
238.png 0 1 0 0 0 0 0 0 0 0 0 0 0 0 0 0 0 0 0 0
im0372.png 0 0 0 0 0 1 0 0 0 0 0 1 0 0 0 0 0 0 0 0
442.png 0 1 0 0 0 0 0 0 0 0 0 0 0 0 0 0 0 0 0 0
1710.png 0 0 0 0 0 0 0 0 0 0 0 0 0 0 1 0 0 0 0 0
1780.png 0 1 0 0 0 0 0 0 0 0 0 0 0 0 0 0 0 0 0 0
aria_c_5_1.tif 0 1 0 0 0 0 0 0 0 0 0 0 0 0 0 0 0 0 0 0
im0140.png 1 0 0 0 0 0 0 0 0 0 0 0 0 0 0 0 0 0 0 0
1180.png 1 0 0 0 0 0 0 0 0 0 0 0 0 0 0 0 0 0 0 0
139.png 0 0 0 0 0 0 1 0 0 0 0 0 0 0 0 0 0 0 0 0
im0095.png 0 0 0 0 0 0 0 0 1 0 0 0 0 0 0 0 0 0 0 0
296.png 0 0 0 1 0 0 0 0 1 0 0 0 0 0 0 0 0 0 0 0
632.png 0 0 0 0 0 0 0 0 0 1 0 0 0 0 0 0 0 0 0 1
im0310.png 0 0 0 0 0 0 0 0 0 0 0 1 0 0 0 0 0 0 0 1
1035.png 0 1 0 0 0 0 0 0 0 0 0 0 0 0 0 0 0 0 0 0
1335.png 0 0 1 0 0 0 0 0 0 0 0 0 0 0 0 0 0 0 0 0
315.png 0 0 0 0 0 0 0 0 0 0 0 0 1 0 0 0 0 0 0 0
52.png 0 0 1 0 0 0 1 0 0 0 0 0 0 0 0 0 0 0 0 0
344.png 0 1 0 0 0 0 0 0 0 0 0 0 0 0 0 0 0 0 0 0
aria_d_2_31.tif 1 0 0 0 0 0 0 0 0 0 0 0 0 0 0 0 0 0 0 0
aria_c_44_3.tif 0 1 0 0 0 0 0 0 0 0 0 0 0 0 0 0 0 0 0 0
503.png 0 0 0 0 0 0 0 0 0 1 0 0 0 0 0 0 0 0 0 1
63.png 0 0 1 0 0 0 0 0 0 0 0 0 0 0 0 0 0 0 0 0
im0014.png 0 0 0 0 0 0 0 0 0 0 0 0 0 0 0 0 0 0 0 1
1555.png 0 1 0 0 0 0 0 0 0 0 0 0 0 0 0 0 0 0 0 0
1350.png 0 0 1 0 0 0 0 0 0 0 0 0 0 0 0 0 0 0 0 0
im0002.png 0 0 0 0 0 0 0 0 0 0 0 1 0 0 0 0 0 1 0 0
559.png 0 0 0 0 0 0 0 0 0 0 0 0 0 1 0 0 0 0 0 0
96.png 0 0 0 0 0 0 0 0 0 0 0 0 0 0 0 0 0 0 0 1
1059.png 0 0 0 0 0 0 0 0 1 0 0 0 0 0 0 0 0 0 0 0
1126.png 0 0 0 1 0 0 0 0 0 0 0 0 0 0 0 0 0 0 0 0
1791.png 0 1 0 0 0 0 0 0 0 0 0 0 0 0 0 0 0 0 0 0
594.png 0 1 0 0 0 0 0 0 0 0 0 0 0 0 0 0 0 0 0 0
325.png 0 1 0 0 0 0 0 0 0 0 0 0 0 0 0 0 0 0 0 0
1861.png 0 1 0 0 0 0 0 0 0 0 0 0 0 0 0 0 0 0 0 0
im0384.png 0 0 0 0 0 1 0 0 0 0 0 1 0 0 0 0 0 0 0 0
im0304.png 0 0 0 0 0 0 1 0 0 0 0 0 0 0 0 0 0 0 0 1
1480.png 0 0 0 0 0 0 0 0 0 0 0 0 0 0 0 0 0 0 0 1
im0351.png 1 0 0 0 0 0 0 0 0 0 0 0 0 0 0 0 0 0 0 0
690.png 0 1 0 0 0 0 0 0 0 0 0 0 0 0 0 0 0 0 0 0
1065.png 1 0 0 0 0 0 0 0 0 0 0 0 0 0 0 0 0 0 0 0
184.png 0 0 0 1 1 0 0 0 0 0 0 0 0 0 0 0 0 0 0 0
857.png 0 0 0 0 0 1 0 0 0 0 0 0 0 0 0 0 0 0 0 1
im0297.png 0 0 0 0 0 0 0 0 0 0 0 0 0 0 0 0 0 0 0 1
278.png 0 0 1 0 0 0 0 0 0 0 0 0 0 0 0 0 0 0 0 0
451.png 0 0 0 0 0 0 0 0 0 0 0 0 1 0 0 0 0 0 0 0
im0251.png 1 0 0 0 0 0 0 0 0 0 0 0 0 0 0 0 0 0 0 0
898.png 0 1 0 0 0 0 0 0 0 0 0 0 0 0 0 0 0 0 0 0
272.png 0 0 0 0 0 0 0 0 1 0 0 0 0 0 0 0 0 0 0 0
444.png 0 0 0 0 1 0 1 0 0 1 0 0 0 0 0 0 0 0 0 0
358.png 0 0 0 1 1 0 0 0 0 0 0 0 0 0 0 0 0 0 0 0
638.png 0 0 0 0 0 0 0 0 0 1 0 0 0 0 0 0 0 0 0 1
1038.png 0 0 0 0 0 0 0 0 0 0 1 0 0 0 0 0 0 0 0 0
98.png 1 0 0 0 0 0 0 0 0 0 0 0 0 0 0 0 0 0 0 0
1425.png 0 0 0 0 0 0 0 0 0 0 0 0 0 1 0 0 0 0 0 0
718.png 0 0 1 0 0 0 0 0 0 0 0 0 0 0 0 0 0 0 0 1
1225.png 0 1 0 0 0 0 0 0 0 0 0 0 0 0 0 0 0 0 0 0
1682.png 1 0 0 0 0 0 0 0 0 0 0 0 0 0 0 0 0 0 0 0
917.png 0 0 0 1 0 0 0 0 0 0 0 0 0 0 0 0 0 0 0 0
im0191.png 1 0 0 0 0 0 0 0 0 0 0 0 0 0 0 0 0 0 0 0
254.png 0 0 0 0 0 0 0 0 1 0 0 0 0 0 0 0 0 0 0 0
866.png 0 0 1 0 1 0 0 0 0 0 0 0 0 0 0 0 0 0 0 0
490.png 0 0 0 0 0 0 0 0 1 0 0 0 0 0 0 0 0 0 0 0
1714.png 0 1 0 0 0 0 0 0 0 0 0 0 0 0 0 0 0 0 0 0
1183.png 0 0 1 0 1 0 0 0 0 0 0 0 0 0 0 0 0 0 0 0
369.png 0 0 0 0 1 0 0 0 0 0 0 0 0 0 0 0 0 0 0 0
1174.png 0 0 0 0 0 0 0 0 0 0 0 0 0 1 0 0 0 0 0 0
1690.png 0 0 1 0 0 0 0 0 0 0 0 0 0 0 0 0 0 0 0 0
28.png 0 1 0 0 0 0 0 0 0 0 0 0 0 0 0 0 0 0 0 0
1243.png 0 0 0 0 0 0 0 0 1 0 0 0 0 0 0 0 0 0 0 0
1189.png 0 1 0 0 0 0 0 0 0 0 0 0 0 0 0 0 0 0 0 0
336.png 0 1 0 0 0 0 0 0 0 0 0 0 0 0 0 0 0 0 0 0
im0055.png 0 0 0 0 0 0 0 0 0 0 0 0 0 0 0 0 0 0 0 1
799.png 0 0 0 0 0 0 0 0 0 0 0 0 1 0 0 0 0 0 0 0
831.png 0 0 0 0 0 0 1 0 0 1 0 0 0 0 0 0 0 0 0 0
133.png 0 0 0 0 0 0 0 0 0 0 0 0 0 0 0 0 0 0 0 1
847.png 0 0 0 0 0 0 0 0 0 0 0 0 1 0 0 0 0 0 0 0
45.png 0 0 1 0 0 0 0 0 0 0 0 0 0 0 0 0 0 0 0 0
1612.png 1 0 0 0 0 0 0 0 0 0 0 0 0 0 0 0 0 0 0 0
1483.png 0 0 0 0 0 0 0 0 0 0 0 0 0 0 0 0 0 0 0 1
1093.png 1 0 0 0 0 0 0 0 0 0 0 0 0 0 0 0 0 0 0 0
1840.png 0 1 0 0 0 0 0 0 0 0 0 0 0 0 0 0 0 0 0 0
im0196.png 1 0 0 0 0 0 0 0 0 0 0 0 0 0 0 0 0 1 0 0
1078.png 0 0 0 0 0 0 0 0 0 0 1 0 0 0 0 0 0 0 0 0
1416.png 1 0 0 0 0 0 0 0 0 0 0 0 0 0 0 0 0 0 0 0
1855.png 0 1 0 0 0 0 0 0 0 0 0 0 0 0 0 0 0 0 0 0
814.png 0 0 0 0 0 0 0 0 0 0 0 0 0 0 0 1 0 0 0 0
aria_c_39_a_10.tif 0 1 0 0 0 0 0 0 0 0 0 0 0 0 0 0 0 0 0 0
1227.png 1 0 0 0 0 0 0 0 0 0 0 0 0 0 1 0 0 0 0 0
233.png 1 0 0 0 0 0 1 0 0 0 0 0 0 0 0 0 0 0 0 0
248.png 0 1 0 0 0 0 0 0 0 0 0 0 0 0 0 0 0 0 0 0
726.png 0 0 0 1 0 0 0 0 0 0 0 0 0 0 0 0 0 0 0 0
im0072.png 0 0 0 0 0 0 0 0 0 0 0 0 0 0 0 0 0 0 0 1
im0383.png 0 0 0 0 0 1 0 0 0 0 0 1 0 0 0 0 0 0 0 0
31.png 0 0 0 1 0 0 0 0 0 0 0 0 0 0 0 0 0 0 1 0
293.png 0 1 0 0 0 0 0 0 0 0 0 0 0 0 0 0 0 0 0 0
im0352.png 1 0 0 0 0 0 0 0 0 0 0 0 0 0 0 0 0 0 0 0
1187.png 1 0 0 0 1 0 0 0 0 0 0 0 0 0 0 0 0 0 0 0
934.png 1 0 0 0 0 0 0 0 0 0 0 0 0 0 0 0 0 0 0 0
im0217.png 0 0 0 0 0 0 0 0 0 0 1 0 0 0 0 0 0 0 0 0
1476.png 0 0 0 1 0 0 0 0 0 0 0 0 0 0 0 0 0 0 0 0
im0274.png 0 0 0 0 0 0 0 0 0 0 0 0 0 0 0 0 1 0 0 0
im0190.png 0 1 0 0 0 0 0 0 0 0 0 0 0 0 0 0 0 0 0 0
1203.png 0 0 0 0 0 0 0 1 0 0 0 0 0 0 0 0 0 0 0 0
70.png 1 0 0 0 0 0 0 0 0 0 0 0 0 0 0 0 0 0 0 0
954.png 0 0 0 0 0 0 0 0 0 0 0 0 0 0 0 0 0 0 0 1
741.png 0 0 0 1 1 0 0 0 0 0 0 0 0 0 0 0 0 0 0 0
579.png 0 1 0 0 0 0 0 0 0 0 0 0 0 0 0 0 0 0 0 0
1597.png 1 0 0 1 0 0 0 0 0 0 0 0 0 0 0 0 0 0 0 0
682.png 0 0 1 0 0 0 0 0 0 0 0 0 0 0 0 0 0 0 0 0
115.png 0 1 0 0 0 0 0 0 0 0 0 0 0 0 0 0 0 0 0 0
1883.png 0 1 0 0 0 0 0 0 0 0 0 0 0 0 0 0 0 0 0 0
829.png 1 0 0 0 0 0 0 0 0 0 0 0 0 0 0 0 0 0 0 0
414.png 0 1 0 0 0 0 0 0 0 0 0 0 0 0 0 0 0 0 0 0
aria_a_46_14.tif 0 0 0 0 0 1 0 0 0 0 0 0 0 0 0 0 0 0 0 0
1145.png 0 1 0 0 0 0 0 0 0 0 0 0 0 0 0 0 0 0 0 0
1433.png 0 0 0 1 0 0 0 0 0 0 0 0 0 0 0 0 0 0 0 0
67.png 0 0 0 1 0 0 1 0 0 0 0 0 0 0 0 0 0 0 0 0
430.png 0 1 0 0 0 0 0 0 0 0 0 0 0 0 0 0 0 0 0 0
1073.png 0 0 0 1 0 0 0 0 0 0 0 0 0 0 0 0 0 0 0 0
521.png 0 0 0 0 0 0 0 0 0 0 0 0 0 0 0 0 0 0 0 1
im0224.png 1 0 0 0 0 0 0 0 0 0 0 0 0 0 0 0 0 0 0 0
796.png 0 0 0 0 0 0 0 0 0 0 0 0 0 0 0 1 0 0 0 0
1040.png 1 0 0 0 0 0 0 0 0 0 0 0 0 0 0 0 0 0 0 0
1815.png 0 1 0 0 0 0 0 0 0 0 0 0 0 0 0 0 0 0 0 0
1452.png 0 0 0 1 0 0 0 0 0 0 0 0 0 0 0 0 0 0 0 0
469.png 1 0 0 1 0 0 0 0 0 0 0 0 0 0 0 0 0 0 0 0
1033.png 0 0 0 0 0 0 0 0 0 0 1 0 0 0 0 0 0 0 0 0
95.png 0 0 0 0 0 0 0 0 0 0 0 0 0 0 0 0 0 0 0 1
383.png 0 0 0 1 0 0 0 0 0 0 0 0 0 0 0 0 0 0 0 0
658.png 1 0 0 0 0 0 0 0 0 0 0 0 0 0 0 0 0 0 0 0
977.png 0 0 0 0 0 0 0 0 0 0 0 0 0 0 0 0 0 0 0 1
im0306.png 0 0 0 0 0 0 0 0 0 0 0 0 0 0 0 0 0 0 0 1
1124.png 0 1 0 0 0 0 0 0 0 0 0 0 0 0 0 0 0 0 0 0
im0364.png 0 0 0 0 0 0 0 0 1 0 0 0 0 0 0 0 0 1 0 0
1117.png 1 0 0 0 0 0 0 0 0 0 0 0 0 0 0 0 0 0 0 0
1009.png 0 0 0 0 0 0 0 0 1 0 0 0 0 0 0 0 0 0 0 0
952.png 0 0 0 0 0 0 0 0 0 0 0 0 0 1 0 0 0 0 0 1
1697.png 0 0 0 0 0 0 0 0 0 0 0 0 0 0 0 0 0 0 0 1
790.png 0 0 1 0 0 0 0 0 0 0 0 0 0 0 0 0 0 0 0 0
47.png 0 0 0 1 0 0 0 1 0 0 0 0 0 0 0 0 0 0 0 0
1719.png 0 1 0 0 0 0 0 0 0 0 0 0 0 0 0 0 0 0 0 0
1900.png 0 1 0 0 0 0 0 0 0 0 0 0 0 0 0 0 0 0 0 0
1275.png 1 0 0 0 0 0 0 0 0 0 0 0 0 0 0 0 0 0 0 0
743.png 0 1 0 0 0 0 0 0 0 0 0 0 0 0 0 0 0 0 0 0
1558.png 0 1 0 0 0 0 0 0 0 0 0 0 0 0 0 0 0 0 0 0
1103.png 0 0 0 0 0 0 0 1 0 0 0 0 0 0 0 0 0 0 0 0
712.png 0 0 1 1 0 0 0 0 0 0 0 0 0 0 0 0 0 0 0 0
252.png 1 0 0 0 0 0 0 0 0 0 0 0 0 0 0 0 0 0 0 0
1379.png 1 0 0 0 0 0 0 0 0 0 0 0 0 0 0 0 0 0 0 0
im0255.png 0 1 0 0 0 0 0 0 0 0 0 0 0 0 0 0 0 0 0 0
aria_d_11_1.tif 1 0 0 0 0 0 0 0 0 0 0 0 0 0 0 0 0 0 0 0
aria_c_24_12.tif 0 1 0 0 0 0 0 0 0 0 0 0 0 0 0 0 0 0 0 0
im0293.png 0 0 0 0 0 0 0 0 0 0 0 0 0 0 0 0 1 1 0 0
33.png 0 0 0 1 0 0 0 0 0 0 0 0 0 0 0 0 0 0 0 0
1344.png 0 0 0 0 0 1 0 0 0 0 0 0 0 0 0 0 0 0 0 0
im0073.png 0 0 0 0 0 0 0 0 0 0 0 0 0 0 0 0 1 1 0 0
1108.png 0 0 0 0 0 0 0 0 0 0 0 0 0 1 0 0 0 0 0 0
im0205.png 1 0 0 0 0 0 0 0 0 0 0 0 0 0 0 0 0 0 0 0
1176.png 0 1 0 0 0 0 0 0 0 0 0 0 0 0 0 0 0 0 0 0
81.png 0 1 0 0 0 0 0 0 0 0 0 0 0 0 0 0 0 0 0 0
870.png 0 0 0 0 0 0 0 0 0 0 0 0 0 1 0 0 0 0 0 0
245.png 0 0 0 0 0 0 0 0 1 0 0 0 0 0 0 0 0 0 0 0
im0246.png 0 0 0 0 0 0 0 0 0 0 0 1 0 0 0 0 0 0 0 0
991.png 0 0 0 0 0 0 0 0 0 0 0 0 0 1 0 0 0 0 0 0
328.png 0 0 1 1 0 0 0 0 0 0 0 0 0 0 0 0 0 0 0 0
645.png 0 0 0 1 0 0 0 0 0 0 0 0 0 0 0 0 0 0 0 0
943.png 0 0 0 0 0 0 0 0 0 0 0 0 0 0 0 0 0 0 0 1
im0238.png 0 1 0 0 0 0 0 0 0 0 0 0 0 0 0 0 0 0 0 0
1418.png 1 0 0 0 0 0 0 0 0 0 0 0 0 0 0 0 0 0 0 0
1819.png 0 1 0 0 0 0 0 0 0 0 0 0 0 0 0 0 0 0 0 0
1862.png 0 1 0 0 0 0 0 0 0 0 0 0 0 0 0 0 0 0 0 0
1371.png 0 0 0 0 0 0 0 0 1 0 0 0 0 0 0 0 0 0 0 0
486.png 1 0 0 0 0 0 0 0 0 0 0 0 0 0 1 0 0 0 0 0
366.png 0 0 0 1 0 0 0 1 0 0 0 0 0 0 0 0 0 0 0 0
304.png 0 0 1 0 1 0 0 0 0 0 0 0 0 0 0 0 0 0 0 0
1297.png 1 0 0 0 0 0 0 0 0 0 0 0 0 0 0 0 0 0 0 0
im0094.png 1 0 0 0 0 0 0 0 0 0 0 0 0 0 0 0 1 0 0 0
1640.png 0 0 1 0 0 0 0 0 0 0 0 0 0 0 0 0 0 0 0 0
1202.png 0 0 0 0 0 0 1 0 0 0 0 0 0 0 0 0 0 0 0 0
1241.png 1 0 0 0 0 0 0 0 0 0 0 0 0 0 0 0 0 0 0 0
im0208.png 0 0 0 0 0 0 0 0 0 0 0 0 0 0 0 0 0 1 0 0
942.png 0 1 0 0 0 0 0 0 0 0 0 0 0 0 0 0 0 0 0 0
298.png 0 0 0 1 0 0 0 0 0 0 0 0 0 0 0 0 0 0 0 0
1031.png 0 0 0 0 0 0 0 1 0 0 0 0 0 0 0 0 0 0 0 0
287.png 1 0 0 0 1 0 0 0 0 0 0 0 0 0 0 0 0 0 0 0
1742.png 0 1 0 0 0 0 0 0 0 0 0 0 0 0 0 0 0 0 0 0
1505.png 1 0 0 0 1 0 0 0 0 0 0 0 0 0 0 0 0 0 0 0
im0117.png 1 0 0 0 0 0 0 0 0 0 0 0 0 0 0 0 0 1 0 0
84.png 0 0 0 0 0 0 0 0 0 0 0 0 0 0 0 0 0 0 1 0
aria_c_32_21.tif 0 1 0 0 0 0 0 0 0 0 0 0 0 0 0 0 0 0 0 0
88.png 0 0 0 0 0 0 1 0 0 0 0 0 0 0 0 0 0 0 0 0
767.png 0 0 0 0 1 1 0 0 0 0 0 0 0 0 0 0 0 0 0 0
206.png 0 1 0 0 0 0 0 0 0 0 0 0 0 0 0 0 0 0 0 0
1698.png 0 0 0 0 0 0 0 0 1 0 0 0 0 0 0 0 0 0 0 0
1564.png 0 0 0 0 0 0 1 0 0 0 0 0 0 0 0 0 0 0 0 1
801.png 0 1 0 0 0 0 0 0 0 0 0 0 0 0 0 0 0 0 0 0
204.png 0 0 0 0 0 1 0 0 0 0 0 0 0 0 0 0 0 0 0 0
1805.png 0 1 0 0 0 0 0 0 0 0 0 0 0 0 0 0 0 0 0 0
43.png 1 0 0 0 0 0 0 0 0 0 0 0 0 0 0 0 0 0 0 0
618.png 0 0 0 0 1 0 1 0 0 0 0 0 0 0 0 0 0 0 0 0
1027.png 0 0 0 0 1 0 1 0 0 0 0 0 0 0 0 0 0 0 0 0
1734.png 0 1 0 0 0 0 0 0 0 0 0 0 0 0 0 0 0 0 0 0
1386.png 1 0 0 1 1 0 0 0 0 0 0 0 0 0 0 0 0 0 0 0
1332.png 1 0 0 0 0 0 0 0 0 0 0 0 0 0 0 0 0 0 0 0
630.png 0 0 0 0 0 0 0 0 0 0 0 0 0 0 0 0 0 0 0 1
44.png 1 0 0 0 0 0 0 0 0 0 0 0 0 0 0 0 0 0 0 0
im0064.png 0 0 0 0 0 0 0 0 0 0 0 0 0 0 0 0 1 1 0 1
598.png 0 1 0 0 0 0 0 0 0 0 0 0 0 0 0 0 0 0 0 0
154.png 0 1 0 0 0 0 0 0 0 0 0 0 0 0 0 0 0 0 0 0
869.png 0 0 0 0 0 0 0 0 0 0 0 0 0 1 0 0 0 0 0 0
1265.png 0 1 0 0 0 0 0 0 0 0 0 0 0 0 0 0 0 0 0 0
413.png 0 0 1 0 0 0 0 0 0 0 0 0 0 0 0 0 0 0 0 0
295.png 0 0 0 1 0 0 0 0 0 0 0 0 0 0 0 0 0 0 0 0
1163.png 0 0 1 0 0 0 1 0 0 0 0 0 0 0 0 0 0 0 0 0
259.png 0 0 0 0 0 0 0 0 0 0 0 0 1 0 0 0 0 0 0 0
1411.png 0 1 0 0 0 0 0 0 0 0 0 0 0 0 0 0 0 0 0 0
1704.png 0 1 0 0 0 0 0 0 0 0 0 0 0 0 0 0 0 0 0 0
im0330.png 0 0 0 0 0 0 0 0 1 0 0 0 0 0 0 0 0 0 0 0
im0209.png 0 0 0 0 0 0 0 0 1 0 0 0 0 0 0 0 0 1 0 0
859.png 0 1 0 0 0 0 0 0 0 0 0 0 0 0 0 0 0 0 0 0
112.png 1 0 0 0 0 0 0 0 0 0 0 0 0 0 0 0 0 0 0 1
459.png 0 0 0 0 0 0 0 0 1 0 0 0 0 0 0 0 0 0 0 0
651.png 0 1 0 0 0 0 0 0 0 0 0 0 0 0 0 0 0 0 0 0
562.png 0 0 0 1 0 1 0 0 0 0 0 0 0 0 0 0 0 0 0 0
698.png 0 0 0 0 0 0 1 0 0 0 0 0 0 0 0 0 0 0 0 0
1303.png 0 1 0 0 0 0 0 0 0 0 0 0 0 0 0 0 0 0 0 0
im0125.png 1 0 0 0 0 0 0 0 0 0 0 0 0 0 0 0 0 0 0 0
aria_c_2_8.tif 0 1 0 0 0 0 0 0 0 0 0 0 0 0 0 0 0 0 0 0
1916.png 0 0 0 0 0 0 0 0 0 1 0 0 0 0 0 0 0 0 0 0
1373.png 1 0 0 0 1 0 0 0 0 0 0 0 0 0 0 0 0 0 0 0
500.png 0 0 0 1 0 0 0 0 0 0 0 0 0 0 0 0 0 0 0 1
290.png 0 0 0 0 0 0 1 0 0 0 0 0 0 0 0 0 0 0 0 0
aria_c_20_18.tif 0 1 0 0 0 0 0 0 0 0 0 0 0 0 0 0 0 0 0 0
152.png 0 0 0 1 0 0 0 0 0 0 0 0 0 0 0 0 0 0 0 1
616.png 1 0 0 0 0 0 0 0 0 0 0 0 0 0 0 0 0 0 0 0
1526.png 0 1 0 0 0 0 0 0 0 0 0 0 0 0 0 0 0 0 0 0
aria_c_4_1.tif 0 1 0 0 0 0 0 0 0 0 0 0 0 0 0 0 0 0 0 0
611.png 0 0 0 0 0 0 0 0 0 0 0 0 0 0 0 1 0 0 0 0
182.png 0 0 0 0 0 0 1 0 0 0 0 0 0 0 0 0 0 0 0 0
1700.png 0 0 0 0 0 0 0 0 0 0 0 0 0 1 0 0 0 0 0 0
40.png 0 0 1 0 0 0 0 0 0 0 0 0 0 0 0 0 0 0 0 0
im0085.png 1 0 0 0 0 0 0 0 0 0 0 0 0 0 0 0 0 0 0 0
1793.png 0 0 1 1 0 0 0 0 0 0 0 0 0 0 0 0 0 0 0 0
1004.png 0 0 0 0 0 0 0 0 0 0 0 0 1 0 0 0 0 0 0 0
464.png 0 0 0 0 0 0 0 0 0 0 0 0 0 0 0 0 0 0 0 1
1138.png 0 0 0 1 0 0 0 0 0 0 0 0 0 0 0 0 0 0 0 0
1590.png 0 0 0 0 0 0 0 0 0 1 0 0 0 0 0 0 0 0 0 1
im0264.png 0 0 0 0 0 1 1 0 0 0 0 0 0 0 0 0 1 0 0 0
im0172.png 0 0 0 0 0 1 0 0 0 0 0 1 0 0 0 0 0 0 0 0
662.png 0 0 0 1 0 0 0 0 0 0 0 0 0 0 0 0 0 0 0 0
im0098.png 0 0 0 0 0 0 1 0 0 0 0 0 0 0 0 0 1 0 0 0
im0345.png 1 0 0 0 0 0 0 0 0 0 0 0 0 0 0 0 0 0 0 0
787.png 0 0 0 1 0 0 0 0 0 0 0 0 0 0 0 0 0 0 0 0
452.png 0 1 0 0 0 0 0 0 0 0 0 0 0 0 0 0 0 0 0 0
im0207.png 0 0 0 0 0 0 0 0 0 0 1 0 0 0 0 0 0 0 0 0
368.png 0 0 0 0 0 0 0 0 0 0 1 0 0 0 0 0 0 0 0 0
1666.png 1 0 0 0 0 0 0 0 0 0 0 0 0 0 0 0 0 0 0 0
280.png 1 0 0 0 0 0 0 0 0 0 0 0 0 0 0 0 0 0 0 0
461.png 0 0 0 0 0 1 0 0 0 0 0 0 0 0 0 0 0 0 0 0
1271.png 0 0 0 1 1 1 0 0 0 0 0 0 0 0 0 0 0 0 0 0
288.png 0 0 0 1 0 0 0 0 0 0 0 0 0 0 0 0 0 0 1 0
231.png 1 0 0 0 0 0 0 0 0 0 0 0 0 0 0 0 0 0 0 0
1119.png 1 0 0 0 0 0 0 0 0 0 0 0 0 0 1 0 0 0 0 0
1857.png 0 0 0 1 0 0 0 0 0 0 0 0 0 0 0 0 0 0 0 0
1702.png 0 0 0 0 0 1 0 1 0 0 0 0 0 0 0 0 0 0 0 0
437.png 0 0 0 0 0 0 0 0 0 1 0 0 0 0 0 0 0 0 0 0
622.png 0 0 1 1 1 0 0 0 0 0 0 0 0 0 0 0 0 0 0 0
678.png 0 0 0 1 0 0 0 0 0 0 0 0 0 0 0 0 0 0 0 0
im0336.png 0 0 0 0 0 0 0 0 0 0 1 0 0 0 0 0 0 0 0 0
356.png 0 0 0 1 1 0 0 0 0 0 0 0 0 0 0 0 0 0 0 0
1543.png 0 1 0 0 0 0 0 0 0 0 0 0 0 0 0 0 0 0 0 0
1095.png 0 0 0 0 0 0 0 1 0 1 0 0 0 0 0 0 0 0 0 0
1583.png 0 0 0 0 0 0 0 0 0 1 0 0 0 0 0 0 0 0 0 1
1850.png 0 1 0 0 0 0 0 0 0 0 0 0 0 0 0 0 0 0 0 0
im0030.png 0 1 0 0 0 0 0 0 0 0 0 0 0 0 0 0 0 0 0 0
159.png 0 1 0 0 0 0 0 0 0 0 0 0 0 0 0 0 0 0 0 0
1396.png 1 0 0 0 0 0 0 0 0 0 0 0 0 0 0 0 0 0 0 0
1809.png 0 1 0 0 0 0 0 0 0 0 0 0 0 0 0 0 0 0 0 0
1475.png 0 0 0 1 0 0 0 0 0 0 0 0 0 0 0 0 0 0 0 1
1161.png 1 0 0 0 0 0 0 0 0 1 0 0 0 0 0 0 0 0 0 0
aria_d_3_32.tif 1 0 0 0 0 0 0 0 0 0 0 0 0 0 0 0 0 0 0 0
387.png 0 0 0 0 0 0 0 0 0 0 0 0 0 0 0 1 0 0 0 0
659.png 1 0 0 0 0 0 0 0 0 0 0 0 0 0 0 0 0 0 0 0
aria_c_22_1.tif 0 1 0 0 0 0 0 0 0 0 0 0 0 0 0 0 0 0 0 0
135.png 0 0 0 0 0 0 1 0 0 0 0 0 0 0 0 0 0 0 0 0
1748.png 0 1 0 0 0 0 0 0 0 0 0 0 0 0 0 0 0 0 0 0
49.png 1 0 0 0 0 0 0 0 0 0 0 0 0 0 0 0 0 0 0 0
605.png 0 1 0 0 0 0 0 0 0 0 0 0 0 0 0 0 0 0 0 0
997.png 0 1 0 0 0 0 0 0 0 0 0 0 0 0 0 0 0 0 0 0
im0101.png 0 0 0 0 0 0 0 0 0 0 0 1 0 0 0 0 0 0 0 0
1674.png 0 0 0 0 0 0 1 0 0 0 0 0 0 0 0 0 0 0 0 1
(0001)aria_d_26.tif 1 0 0 0 0 0 0 0 0 0 0 0 0 0 0 0 0 0 0 0
im0141.png 1 0 0 0 0 0 0 0 0 0 0 0 0 0 0 0 0 0 0 0
221.png 0 0 0 0 1 0 0 0 0 1 0 0 0 0 0 0 0 0 0 0
1439.png 0 0 0 0 0 0 0 0 0 0 0 0 0 0 0 0 0 0 0 1
1329.png 0 0 0 0 0 0 1 0 0 0 0 0 0 0 0 0 0 0 0 1
1109.png 0 1 0 0 0 0 0 0 0 0 0 0 0 0 0 0 0 0 0 0
im0145.png 0 0 0 0 0 1 0 0 0 0 0 1 0 0 0 0 0 0 0 0
731.png 0 0 0 0 0 1 0 0 0 0 0 0 0 0 0 0 0 0 0 0
1520.png 0 0 0 0 0 1 0 1 0 0 0 0 0 0 0 0 0 0 0 0
im0222.png 1 0 0 0 0 0 0 0 0 0 0 0 0 0 0 0 0 0 0 0
1519.png 1 0 0 0 0 0 0 0 0 0 0 0 0 0 0 0 0 0 0 0
1270.png 0 0 0 0 0 1 0 0 0 0 0 0 0 0 0 0 0 0 0 0
564.png 0 0 0 0 0 1 0 1 0 0 0 0 0 0 0 0 0 0 0 0
222.png 0 0 0 0 0 0 0 0 0 0 0 0 0 1 0 0 0 0 0 0
1783.png 0 0 0 1 0 0 0 0 0 0 0 0 0 0 0 0 0 0 0 1
1465.png 0 0 0 1 0 0 0 0 0 0 0 0 0 0 0 0 0 0 0 0
346.png 1 0 0 0 0 0 0 0 0 0 0 0 0 0 0 0 0 0 0 0
1846.png 0 0 0 1 0 0 0 0 0 0 0 0 0 0 0 0 0 0 0 0
719.png 0 0 0 0 0 0 0 0 0 0 0 0 0 1 0 0 0 0 0 0
aria_c_38_2.tif 0 1 0 0 0 0 0 0 0 0 0 0 0 0 0 0 0 0 0 0
aria_c_27_3.tif 0 1 0 0 0 0 0 0 0 0 0 0 0 0 0 0 0 0 0 0
1208.png 1 0 0 0 0 0 0 0 0 0 0 0 0 0 0 0 0 0 0 0
276.png 0 0 0 0 0 0 0 0 0 0 0 0 1 0 0 0 0 0 0 0
1502.png 1 0 0 1 0 0 0 0 0 0 0 0 0 0 0 0 0 0 0 0
1570.png 1 0 0 0 0 0 0 0 0 0 0 0 0 0 0 0 0 0 0 0
792.png 0 0 1 0 0 0 0 0 0 0 0 0 0 0 0 0 0 0 0 1
349.png 0 0 0 0 1 0 0 0 0 0 0 0 0 0 0 0 0 0 0 1
im0349.png 1 0 0 0 0 0 0 0 0 0 0 0 0 0 0 0 0 0 0 0
140.png 0 0 0 0 0 0 0 0 1 0 0 0 0 0 0 0 0 0 0 0
1155.png 0 0 0 1 0 0 0 0 0 0 0 0 0 0 0 0 0 0 0 0
aria_c_36_44.tif 0 1 0 0 0 0 0 0 0 0 0 0 0 0 0 0 0 0 0 0
1610.png 1 0 0 0 0 0 0 0 0 0 0 0 0 0 0 0 0 0 0 0
591.png 1 0 0 0 0 0 0 0 0 0 0 0 0 0 0 0 0 0 0 0
im0180.png 0 0 0 0 0 0 0 0 0 0 0 0 0 0 0 0 0 0 0 1
1139.png 0 0 0 1 0 0 0 0 0 0 0 0 0 0 0 0 0 0 0 0
748.png 0 0 0 0 0 0 0 0 0 0 0 0 0 0 0 0 0 0 0 1
1289.png 0 0 0 0 0 0 0 0 1 0 0 0 0 0 0 0 0 0 0 0
864.png 0 0 0 0 0 0 0 0 0 0 1 0 0 0 0 0 0 0 0 0
828.png 1 0 0 0 0 0 0 0 0 0 0 0 0 0 0 0 0 0 0 0
1784.png 0 0 0 1 0 0 0 0 0 0 0 0 0 0 0 0 0 0 0 0
1509.png 0 0 1 0 0 0 0 0 0 0 0 0 0 0 0 0 0 0 0 0
722.png 0 0 1 0 0 0 0 0 0 0 0 0 0 0 0 0 0 0 0 0
aria_c_47_2.tif 0 1 0 0 0 0 0 0 0 0 0 0 0 0 0 0 0 0 0 0
201.png 0 0 0 0 0 0 0 0 0 0 0 0 0 0 0 0 0 0 0 1
985.png 0 0 0 0 0 0 1 0 0 0 0 0 0 0 0 0 0 0 0 0
aria_c_46_12.tif 0 1 0 0 0 0 0 0 0 0 0 0 0 0 0 0 0 0 0 0
310.png 0 0 0 0 0 0 0 0 0 1 0 0 0 0 0 0 0 0 0 0
646.png 0 0 1 0 1 0 0 0 0 0 0 0 0 0 0 0 0 0 0 0
aria_c_23_4.tif 0 1 0 0 0 0 0 0 0 0 0 0 0 0 0 0 0 0 0 0
1832.png 0 1 0 0 0 0 0 0 0 0 0 0 0 0 0 0 0 0 0 0
aria_a_12_15.tif 0 0 0 0 0 1 0 0 0 0 0 0 0 0 0 0 0 0 0 0
329.png 0 0 1 1 0 0 0 0 0 0 0 0 0 0 0 0 0 0 0 0
aria_d_15_22.tif 1 0 0 0 0 0 0 0 0 0 0 0 0 0 0 0 0 0 0 0
175.png 0 1 0 0 0 0 0 0 0 0 0 0 0 0 0 0 0 0 0 0
138.png 0 1 0 0 0 0 0 0 0 0 0 0 0 0 0 0 0 0 0 0
19.png 1 0 1 0 0 0 0 0 0 0 0 0 0 0 0 0 0 0 0 0
1403.png 1 0 1 0 0 0 0 0 0 0 0 0 0 0 0 0 0 0 0 0
1257.png 1 0 0 0 0 0 0 0 0 0 0 0 0 0 0 0 0 0 0 0
969.png 0 1 0 0 0 0 0 0 0 0 0 0 0 0 0 0 0 0 0 0
aria_d_25_2.tif 1 0 0 0 0 0 0 0 0 0 0 0 0 0 0 0 0 0 0 0
1147.png 0 1 0 0 0 0 0 0 0 0 0 0 0 0 0 0 0 0 0 0
998.png 0 0 0 0 0 0 0 0 0 1 0 0 0 0 0 0 0 0 0 0
im0052.png 0 0 0 0 0 0 0 0 0 0 0 0 0 0 0 0 0 0 0 1
aria_d_12_20.tif 1 0 0 0 0 0 0 0 0 0 0 0 0 0 0 0 0 0 0 0
1591.png 0 0 0 0 0 0 1 0 0 0 0 0 0 0 0 0 0 0 0 0
aria_c_45_2.tif 0 1 0 0 0 0 0 0 0 0 0 0 0 0 0 0 0 0 0 0
1918.png 0 1 0 0 0 0 0 0 0 0 0 0 0 0 0 0 0 0 0 0
587.png 0 0 0 0 0 0 0 0 0 0 0 0 0 0 0 0 0 0 1 0
166.png 1 0 0 0 1 0 0 0 0 0 0 0 0 0 0 0 0 0 0 0
757.png 0 1 0 0 0 0 0 0 0 0 0 0 0 0 0 0 0 0 0 0
im0074.png 0 0 0 0 0 0 0 0 0 0 1 0 0 0 0 0 0 0 0 0
1909.png 0 0 0 0 1 0 0 0 0 0 0 0 0 0 0 0 0 0 0 0
1338.png 0 0 0 0 0 0 0 0 0 0 0 0 0 0 0 0 0 0 0 1
602.png 0 0 0 0 0 0 0 0 0 0 0 0 0 0 0 1 0 0 0 0
im0395.png 0 0 0 0 0 0 0 0 0 0 0 0 0 0 0 0 0 0 0 1
1708.png 0 0 0 1 0 0 0 0 1 0 0 0 0 0 0 0 0 0 0 0
694.png 0 0 0 0 1 0 0 0 0 0 0 0 0 0 0 0 0 0 0 0
497.png 1 0 0 0 0 0 0 0 0 0 0 0 0 0 1 0 0 0 0 1
1696.png 0 1 0 0 0 0 0 0 0 0 0 0 0 0 0 0 0 0 0 0
961.png 0 0 1 1 1 0 0 0 0 0 0 0 0 0 0 0 0 0 0 0
im0020.png 0 0 0 0 0 0 0 0 0 0 1 0 0 0 0 0 0 0 0 1
1847.png 0 0 1 0 0 0 0 0 0 0 0 0 0 0 0 0 0 0 0 0
1455.png 0 0 0 1 0 0 0 0 0 0 0 0 0 0 0 0 0 0 0 0
aria_d_7_22.tif 1 0 0 0 0 0 0 0 0 0 0 0 0 0 0 0 0 0 0 0
1457.png 0 0 0 1 0 0 0 0 0 0 0 0 0 0 0 0 0 0 0 0
1412.png 1 0 0 0 0 0 0 0 0 0 0 0 0 0 0 0 0 0 0 0
aria_d_14_20.tif 1 0 0 0 0 0 0 0 0 0 0 0 0 0 0 0 0 0 0 0
793.png 0 1 0 0 0 0 0 0 0 0 0 0 0 0 0 0 0 0 0 0
1461.png 0 0 0 0 0 0 0 0 0 0 0 0 0 0 0 0 0 0 0 1
im0012.png 0 0 0 0 0 0 1 0 0 0 0 0 0 0 0 0 0 0 0 0
114.png 0 0 1 0 1 0 0 0 0 0 0 0 0 0 0 0 0 0 0 0
230.png 0 1 0 0 0 0 0 0 0 0 0 0 0 0 0 0 0 0 0 0
833.png 0 1 0 0 0 0 0 0 0 0 0 0 0 0 0 0 0 0 0 0
1377.png 1 0 0 0 0 0 0 0 0 0 0 0 0 0 0 0 0 0 0 0
343.png 0 0 1 0 0 1 0 1 0 0 0 0 0 0 0 0 0 0 0 0
1240.png 1 0 0 0 0 0 0 0 0 0 0 0 0 0 0 0 0 0 0 0
582.png 0 1 0 0 0 0 0 0 0 0 0 0 0 0 0 0 0 0 0 0
1614.png 0 1 0 0 0 0 0 0 0 0 0 0 0 0 0 0 0 0 0 0
1626.png 1 0 0 0 0 0 0 0 0 0 0 0 0 0 0 0 0 0 0 0
im0160.png 0 0 0 0 0 0 0 0 0 0 1 0 0 0 0 0 0 1 0 0
1045.png 0 1 0 0 0 0 0 0 0 0 0 0 0 0 0 0 0 0 0 0
99.png 0 0 0 0 0 0 1 0 0 0 0 0 0 0 0 0 0 0 0 0
1514.png 1 0 0 0 0 0 0 0 0 0 0 0 0 0 0 0 0 0 0 0
1525.png 0 1 0 0 0 0 0 0 0 0 0 0 0 0 0 0 0 0 0 0
aria_a_15_35.tif 0 0 0 0 0 1 0 0 0 0 0 0 0 0 0 0 0 0 0 0
1366.png 0 0 0 0 0 0 0 0 1 0 0 0 0 0 0 0 0 0 0 0
1372.png 0 0 0 1 0 0 0 0 0 0 0 0 0 0 0 0 0 0 0 0
aria_c_44_12.tif 0 1 0 0 0 0 0 0 0 0 0 0 0 0 0 0 0 0 0 0
902.png 0 0 0 0 0 0 0 0 0 0 0 0 0 0 0 0 0 0 0 1
26.png 1 0 0 0 0 0 0 0 0 0 0 0 0 0 1 0 0 0 0 0
125.png 1 0 0 0 0 0 0 0 0 1 0 0 0 0 1 0 0 0 0 0
1705.png 0 1 0 0 0 0 0 0 0 0 0 0 0 0 0 0 0 0 0 0
aria_d_16_22.tif 1 0 0 0 0 0 0 0 0 0 0 0 0 0 0 0 0 0 0 0
1692.png 0 0 0 0 0 1 0 0 0 0 0 0 0 0 0 0 0 0 0 0
614.png 1 0 0 0 0 0 0 0 0 0 0 0 0 0 0 0 0 0 0 0
(0001)aria_d_27.tif 1 0 0 0 0 0 0 0 0 0 0 0 0 0 0 0 0 0 0 0
im0379.png 0 0 0 0 0 1 0 0 0 0 0 1 0 0 0 0 0 0 0 0
567.png 0 0 0 1 1 0 0 0 0 0 0 0 0 0 0 0 0 0 0 0
1761.png 0 0 0 1 0 0 0 0 0 0 0 0 0 0 0 0 0 0 0 0
299.png 0 0 0 0 0 1 0 0 0 0 0 0 0 0 0 0 0 0 0 1
1292.png 0 0 1 0 0 0 0 0 0 0 0 0 0 0 0 0 0 0 0 0
100.png 0 0 0 0 1 0 1 0 0 0 0 0 0 0 0 0 0 0 0 0
41.png 0 0 1 0 0 0 0 0 1 0 0 0 0 0 0 0 0 0 0 0
1116.png 0 0 0 0 0 0 0 1 0 0 0 0 0 0 0 0 0 0 0 0
974.png 0 1 0 0 0 0 0 0 0 0 0 0 0 0 0 0 0 0 0 0
35.png 0 0 0 0 0 0 0 0 0 0 0 0 0 0 0 0 0 0 0 1
(0003)aria_d_29.tif 1 0 0 0 0 0 0 0 0 0 0 0 0 0 0 0 0 0 0 0
1839.png 0 1 0 0 0 0 0 0 0 0 0 0 0 0 0 0 0 0 0 0
aria_a_56_1.tif 0 0 0 0 0 1 0 0 0 0 0 0 0 0 0 0 0 0 0 0
1753.png 0 0 1 1 0 0 0 0 0 0 0 0 0 0 0 0 0 0 0 0
610.png 0 0 0 0 0 0 0 0 0 1 0 0 0 0 0 0 0 0 0 1
1264.png 0 1 0 0 0 0 0 0 0 0 0 0 0 0 0 0 0 0 0 0
1237.png 0 0 0 1 0 0 0 0 0 0 0 0 0 0 0 0 0 0 0 0
525.png 0 0 0 0 0 0 0 0 0 0 0 0 0 0 0 0 0 0 0 1
82.png 0 0 0 0 0 0 0 0 0 0 0 0 0 0 0 0 0 0 0 1
191.png 1 0 0 0 0 0 0 0 0 0 0 0 0 0 1 0 0 0 0 0
271.png 0 1 0 0 0 0 0 0 0 0 0 0 0 0 0 0 0 0 0 0
1250.png 0 1 0 0 0 0 0 0 0 0 0 0 0 0 0 0 0 0 0 0
465.png 1 0 0 0 0 0 0 0 0 0 0 0 0 0 0 0 0 0 0 0
im0193.png 1 0 0 0 0 0 1 0 0 0 0 0 0 0 0 0 0 0 0 0
1063.png 0 1 0 0 0 0 0 0 0 0 0 0 0 0 0 0 0 0 0 0
305.png 1 0 0 0 0 0 0 0 0 0 0 0 0 0 0 0 0 0 0 0
1358.png 1 0 0 0 0 0 0 0 0 0 0 0 0 0 0 0 0 0 0 0
1047.png 0 0 0 0 0 0 0 0 1 0 0 0 0 0 0 0 0 0 0 0
aria_a_9_43.tif 0 0 0 0 0 1 0 0 0 0 0 0 0 0 0 0 0 0 0 0
267.png 1 0 0 0 1 0 0 0 0 0 0 0 0 0 0 0 0 0 0 0
im0350.png 1 0 0 0 0 0 0 0 0 0 0 0 0 0 0 0 0 0 0 0
886.png 0 0 0 0 0 0 0 0 1 0 0 0 0 0 0 0 0 0 0 0
1404.png 0 1 0 0 0 0 0 0 0 0 0 0 0 0 0 0 0 0 0 0
im0100.png 0 0 0 0 0 0 0 0 0 0 0 1 0 0 0 0 0 0 0 1
432.png 0 0 0 0 0 0 0 0 0 1 0 0 0 0 0 0 0 0 0 0
aria_a_39_1.tif 0 0 0 0 0 1 0 0 0 0 0 0 0 0 0 0 0 0 0 0
450.png 0 0 0 0 0 0 0 0 0 0 0 0 1 0 0 0 0 0 0 0
aria_d_3_33.tif 1 0 0 0 0 0 0 0 0 0 0 0 0 0 0 0 0 0 0 0
im0131.png 0 0 0 0 0 0 0 0 0 0 0 0 1 0 0 0 0 0 0 0
1133.png 1 0 0 0 0 0 0 0 0 0 0 0 0 0 0 0 0 0 0 0
1556.png 0 0 0 0 0 1 0 0 0 0 0 0 0 0 0 0 0 0 0 0
160.png 0 1 0 0 0 0 0 0 0 0 0 0 0 0 0 0 0 0 0 0
im0161.png 0 0 0 0 0 0 0 0 0 0 1 0 0 0 0 0 0 0 0 0
1142.png 1 0 0 0 0 0 0 0 0 0 0 0 0 0 0 0 0 0 0 0
263.png 1 0 0 0 0 0 0 0 0 0 0 0 0 0 0 0 0 0 0 0
im0040.png 1 0 0 0 0 0 0 0 0 0 0 0 0 0 0 0 0 0 0 0
1917.png 1 0 0 0 0 0 0 0 0 0 0 0 0 0 1 0 0 0 0 0
im0143.png 0 0 0 0 0 1 0 0 0 0 0 1 0 0 0 0 0 0 0 0
929.png 0 0 0 0 0 0 0 0 0 0 0 0 0 0 0 0 0 0 1 0
1244.png 0 1 0 0 0 0 0 0 0 0 0 0 0 0 0 0 0 0 0 0
381.png 0 0 0 0 0 0 0 0 0 1 1 0 0 0 0 0 0 0 0 0
170.png 1 0 0 0 0 0 0 0 0 0 0 0 0 0 0 0 0 0 0 0
215.png 1 0 0 0 0 0 0 0 0 0 0 0 0 0 0 0 0 0 0 0
1333.png 1 0 0 0 0 0 0 0 0 0 0 0 0 0 0 0 0 0 0 0
15.png 0 0 1 0 0 0 0 0 0 0 0 0 0 0 0 0 0 0 0 1
1838.png 0 1 0 0 0 0 0 0 0 0 0 0 0 0 0 0 0 0 0 0
802.png 0 1 0 0 0 0 0 0 0 0 0 0 0 0 0 0 0 0 0 0
192.png 0 0 1 0 0 0 0 0 0 0 0 0 0 0 0 0 0 0 0 0
1633.png 0 0 0 0 1 1 0 0 0 0 0 0 0 0 0 0 0 0 0 0
aria_d_1_19.tif 1 0 0 0 0 0 0 0 0 0 0 0 0 0 0 0 0 0 0 0
aria_c_30_2.tif 0 1 0 0 0 0 0 0 0 0 0 0 0 0 0 0 0 0 0 0
1648.png 0 0 0 0 0 0 0 0 1 0 0 0 0 0 0 0 0 0 0 1
1913.png 0 1 0 0 0 0 0 0 0 0 0 0 0 0 0 0 0 0 0 0
471.png 0 0 0 0 0 0 0 0 0 0 0 0 0 0 0 1 0 0 0 0
862.png 0 0 1 0 0 0 0 0 0 0 0 0 0 0 0 0 0 0 0 0
1413.png 1 0 0 0 0 0 0 0 0 0 0 0 0 0 0 0 0 0 0 0
1726.png 1 0 0 1 1 0 0 0 0 0 0 0 0 0 0 0 0 0 0 0
aria_c_25_1.tif 0 1 0 0 0 0 0 0 0 0 0 0 0 0 0 0 0 0 0 0
1522.png 1 0 0 0 0 0 0 0 0 0 0 0 0 0 0 0 0 0 0 0
aria_d_16_2.tif 1 0 0 0 0 0 0 0 0 0 0 0 0 0 0 0 0 0 0 0
1442.png 0 0 0 0 0 0 0 0 0 0 0 0 0 0 0 0 0 0 0 1
806.png 0 0 0 0 0 0 0 0 0 0 0 0 1 0 0 1 0 0 0 0
im0240.png 0 1 0 0 0 0 0 0 0 0 0 0 0 0 0 0 0 0 0 0
1323.png 1 0 0 0 0 0 0 0 0 0 0 0 0 0 0 0 0 0 0 0
941.png 0 0 0 1 0 1 0 0 0 0 0 0 0 0 0 0 0 0 0 0
1364.png 1 0 0 0 1 0 0 0 0 1 0 0 0 0 0 0 0 0 0 0
1430.png 0 0 0 0 0 0 0 0 1 0 0 0 0 0 0 0 0 0 0 0
1807.png 0 1 0 0 0 0 0 0 0 0 0 0 0 0 0 0 0 0 0 0
1684.png 0 1 0 0 0 0 0 0 0 0 0 0 0 0 0 0 0 0 0 0
406.png 0 1 0 0 0 0 0 0 0 0 0 0 0 0 0 0 0 0 0 0
im0056.png 0 0 0 0 0 0 1 0 0 0 0 0 0 0 0 0 0 0 0 0
1451.png 0 0 0 1 0 0 0 0 0 0 0 0 0 0 0 0 0 0 0 0
aria_a_12_34.tif 0 0 0 0 0 1 0 0 0 0 0 0 0 0 0 0 0 0 0 0
825.png 0 0 0 1 0 0 0 0 0 0 0 0 0 0 0 0 0 0 0 0
1662.png 1 0 0 0 0 0 0 0 0 0 0 0 0 0 0 0 0 0 0 0
1016.png 0 0 0 0 0 0 1 0 0 0 0 0 0 0 0 0 0 0 0 0
aria_d_4_31.tif 1 0 0 0 0 0 0 0 0 0 0 0 0 0 0 0 0 0 0 0
1052.png 0 1 0 0 0 0 0 0 0 0 0 0 0 0 0 0 0 0 0 0
1500.png 0 0 0 0 0 0 0 1 0 0 0 0 0 0 0 0 0 0 0 0
153.png 0 1 0 0 0 0 0 0 0 0 0 0 0 0 0 0 0 0 0 0
50.png 1 0 0 0 0 0 0 0 0 0 0 0 0 0 0 0 0 0 0 0
364.png 0 0 0 1 0 0 0 0 0 0 0 0 0 0 0 0 0 0 0 0
1586.png 0 1 0 0 0 0 0 0 0 0 0 0 0 0 0 0 0 0 0 0
im0174.png 0 0 0 0 0 0 0 0 0 0 0 0 0 0 0 0 0 0 0 1
1691.png 0 1 0 0 0 0 0 0 0 0 0 0 0 0 0 0 0 0 0 0
im0265.png 0 0 0 0 0 1 1 0 0 0 0 0 0 0 0 0 1 0 0 0
im0113.png 1 0 0 0 0 0 0 0 0 0 0 0 0 0 0 0 0 0 0 0
aria_c_31_2.tif 0 1 0 0 0 0 0 0 0 0 0 0 0 0 0 0 0 0 0 0
473.png 1 0 0 0 0 0 0 0 0 0 0 0 0 0 1 0 0 0 0 0
851.png 0 0 0 0 0 0 0 0 0 0 0 0 1 0 0 0 0 0 0 0
200.png 0 0 0 0 0 0 0 0 0 0 0 0 0 1 0 0 0 0 0 0
1096.png 0 0 0 0 1 0 1 0 0 1 0 0 0 0 1 0 0 0 0 0
382.png 0 0 0 1 0 0 0 0 0 0 0 0 0 0 0 0 0 0 0 0
1132.png 0 0 0 0 1 0 1 0 0 0 0 0 0 0 0 0 0 0 0 0
1151.png 0 0 0 0 0 0 1 0 0 0 0 0 0 0 0 0 0 0 0 0
im0033.png 0 0 0 0 0 0 0 0 0 0 1 0 0 0 0 0 0 0 0 0
1890.png 0 1 0 0 0 0 0 0 0 0 0 0 0 0 0 0 0 0 0 0
489.png 0 1 0 0 0 0 0 0 0 0 0 0 0 0 0 0 0 0 0 0
1484.png 0 0 0 1 0 0 0 0 0 0 0 0 0 0 0 0 0 0 0 0
1198.png 1 0 0 0 0 0 0 0 0 1 0 0 0 0 0 0 0 0 0 0
560.png 1 0 0 0 0 0 0 0 0 1 0 0 0 0 0 0 0 0 0 0
890.png 0 0 0 0 1 1 0 0 0 0 0 0 0 0 0 0 0 0 0 0
im0201.png 0 0 0 0 0 0 0 0 1 0 0 0 0 0 0 0 0 0 0 0
1079.png 1 0 0 0 0 0 0 0 0 0 0 0 0 0 0 0 0 0 0 0
880.png 0 0 0 0 0 0 1 0 0 0 0 0 0 0 0 0 0 0 0 0
608.png 0 0 1 1 0 0 0 0 0 0 0 0 0 0 0 0 0 0 0 0
835.png 0 0 0 0 0 0 1 0 0 0 0 0 0 0 0 0 0 0 0 0
1544.png 0 1 0 0 0 0 0 0 0 0 0 0 0 0 0 0 0 0 0 0
1524.png 0 0 1 0 0 0 0 0 0 0 0 0 0 0 0 0 0 0 0 0
1299.png 0 0 0 1 0 0 0 0 0 0 0 0 0 0 0 0 0 0 0 0
363.png 0 0 0 1 0 0 0 0 0 0 0 0 0 0 0 0 0 0 0 0
795.png 0 1 0 0 0 0 0 0 0 0 0 0 0 0 0 0 0 0 0 0
1733.png 0 1 0 0 0 0 0 0 0 0 0 0 0 0 0 0 0 0 0 0
338.png 0 0 0 0 0 0 0 0 0 0 1 0 0 0 0 0 0 0 0 0
1207.png 1 0 0 0 0 0 0 0 0 0 0 0 0 0 0 0 0 0 0 0
956.png 0 1 0 0 0 0 0 0 0 0 0 0 0 0 0 0 0 0 0 0
884.png 0 0 0 0 0 0 0 0 0 0 0 0 1 0 0 0 0 0 0 0
1307.png 0 0 0 0 0 0 1 0 0 0 0 0 0 0 0 0 0 0 0 0
1214.png 0 1 0 0 0 0 0 0 0 0 0 0 0 0 0 0 0 0 0 0
1732.png 0 1 0 0 0 0 0 0 0 0 0 0 0 0 0 0 0 0 0 0
1681.png 1 0 0 0 0 0 0 0 0 0 0 0 0 0 0 0 0 0 0 0
im0219.png 0 1 0 0 0 0 0 0 0 0 0 0 0 0 0 0 0 0 0 0
im0114.png 1 0 0 0 0 0 0 0 0 0 0 0 0 0 0 0 0 0 0 0
im0044.png 0 0 0 0 0 0 0 0 0 0 0 0 1 0 0 0 0 0 0 0
1101.png 0 1 0 0 0 0 0 0 0 0 0 0 0 0 0 0 0 0 0 0
aria_d_4_5.tif 1 0 0 0 0 0 0 0 0 0 0 0 0 0 0 0 0 0 0 0
1001.png 0 0 0 1 0 0 1 0 0 0 0 0 0 0 0 0 0 0 0 1
im0070.png 1 0 0 0 0 0 0 0 0 0 0 0 0 0 0 0 0 0 0 0
800.png 0 0 0 0 0 0 1 0 0 0 0 0 0 0 0 0 0 0 0 0
im0259.png 0 0 0 0 0 0 0 0 0 0 0 1 0 0 0 0 0 0 0 0
aria_d_2_6.tif 1 0 0 0 0 0 0 0 0 0 0 0 0 0 0 0 0 0 0 0
36.png 1 0 0 0 0 0 0 0 0 0 0 0 0 0 0 0 0 0 0 0
1166.png 1 0 0 0 0 0 0 0 0 0 0 0 0 0 0 0 0 0 0 0
im0010.png 0 0 0 0 0 0 0 0 0 0 0 0 0 0 0 0 0 0 0 1
1012.png 0 0 1 0 1 1 0 0 0 0 0 0 0 0 0 0 0 0 0 0
563.png 0 0 0 0 0 0 1 0 0 0 0 0 0 0 0 0 0 0 0 0
im0112.png 0 0 0 0 0 0 0 0 0 0 0 0 0 0 0 0 0 0 0 1
326.png 0 0 0 0 0 0 0 0 1 0 0 0 0 0 0 0 0 0 0 0
379.png 1 0 0 0 0 0 0 0 0 0 0 0 0 0 0 0 0 0 0 0
1290.png 0 0 0 1 0 0 1 0 0 0 0 0 0 0 0 0 0 0 0 0
1110.png 1 0 0 0 1 0 0 0 0 0 0 0 0 0 1 0 0 0 0 0
1022.png 0 0 1 0 0 0 0 0 0 0 0 0 0 0 0 0 0 0 0 0
im0242.png 0 1 0 0 0 0 0 0 0 0 0 0 0 0 0 0 0 0 0 0
518.png 0 0 0 0 0 0 0 0 0 0 0 0 1 0 0 0 0 0 0 0
1660.png 1 0 0 0 0 0 0 0 0 0 0 0 0 0 0 0 0 0 0 0
im0150.png 0 0 0 0 0 0 0 0 0 0 0 1 0 0 0 0 0 0 0 0
773.png 0 0 0 0 0 0 0 1 0 0 0 0 0 0 0 0 0 0 0 0
89.png 0 0 0 0 0 0 0 0 0 0 0 0 0 0 0 1 0 0 0 0
aria_c_41_15.tif 0 1 0 0 0 0 0 0 0 0 0 0 0 0 0 0 0 0 0 0
858.png 1 0 0 0 0 0 0 0 0 0 0 0 0 0 0 0 0 0 0 0
(0007)aria_d_28.tif 1 0 0 0 0 0 0 0 0 0 0 0 0 0 0 0 0 0 0 0
im0298.png 0 0 0 0 0 0 0 0 0 0 0 0 1 0 0 0 0 0 0 0
1087.png 0 0 0 0 0 0 0 0 0 0 0 0 0 1 0 0 0 0 0 0
1872.png 0 1 0 0 0 0 0 0 0 0 0 0 0 0 0 0 0 0 0 0
1382.png 0 1 0 0 0 0 0 0 0 0 0 0 0 0 0 0 0 0 0 0
1510.png 0 1 0 0 0 0 0 0 0 0 0 0 0 0 0 0 0 0 0 0
im0329.png 0 0 0 0 0 0 0 0 0 0 1 0 0 0 0 0 0 0 0 0
558.png 0 0 0 0 0 0 0 0 0 0 0 0 0 1 0 0 0 0 0 0
312.png 0 0 0 0 0 0 0 0 0 0 0 0 0 0 0 0 0 0 1 0
aria_c_20_10.tif 0 1 0 0 0 0 0 0 0 0 0 0 0 0 0 0 0 0 0 0
1471.png 0 0 0 1 0 0 0 0 0 0 0 0 0 0 0 0 0 0 0 0
im0163.png 0 1 0 0 0 0 0 0 0 0 0 0 0 0 0 0 0 0 0 0
1184.png 0 0 0 0 0 0 1 0 0 0 0 0 0 0 0 0 0 0 0 0
86.png 1 0 0 0 0 0 0 0 0 0 0 0 0 0 0 0 0 0 0 0
1136.png 0 0 0 0 0 0 1 0 0 0 0 0 0 0 0 0 0 0 0 0
544.png 0 0 0 0 0 0 0 0 0 1 0 0 0 0 0 0 0 0 0 0
1193.png 0 1 0 0 0 0 0 0 0 0 0 0 0 0 0 0 0 0 0 0
1387.png 1 0 0 0 0 0 0 0 0 0 0 0 0 0 0 0 0 0 0 1
1300.png 0 0 0 1 0 0 0 0 0 0 0 0 0 0 0 0 0 0 0 0
668.png 0 0 1 0 0 0 0 0 0 0 0 0 0 0 0 0 0 0 0 0
907.png 0 0 0 0 0 0 0 0 0 0 0 0 0 0 0 1 0 0 0 1
779.png 1 0 0 0 0 0 0 0 0 0 0 0 0 0 1 0 0 0 0 0
168.png 0 0 0 0 1 1 0 0 0 0 0 0 0 0 0 0 0 0 0 0
881.png 0 0 1 0 0 0 0 0 0 0 0 0 0 0 0 0 0 0 0 0
1462.png 0 0 0 1 0 0 0 0 0 0 0 0 0 0 0 0 0 0 0 0
1659.png 0 1 0 0 0 0 0 0 0 0 0 0 0 0 0 0 0 0 0 0
1866.png 0 0 0 0 0 0 0 1 0 0 0 0 0 0 0 0 0 0 0 0
1167.png 0 0 0 1 0 0 0 1 0 0 0 0 0 0 0 0 0 0 0 0
1348.png 1 0 0 0 0 0 0 0 0 0 0 0 0 0 0 0 0 0 0 0
aria_a_14_19.tif 0 0 0 0 0 1 0 0 0 0 0 0 0 0 0 0 0 0 0 0
1754.png 0 1 0 0 0 0 0 0 0 0 0 0 0 0 0 0 0 0 0 0
640.png 0 0 1 0 0 0 0 0 0 0 0 0 0 0 0 0 0 0 0 0
1474.png 0 0 0 1 0 0 0 0 0 0 0 0 0 0 0 0 0 0 0 0
1106.png 0 0 0 0 0 0 1 0 0 0 0 0 0 0 0 0 0 0 0 0
1186.png 1 0 0 0 1 0 0 0 0 0 0 0 0 0 0 0 0 0 0 0
1328.png 0 0 0 0 0 1 0 0 0 0 0 0 0 0 0 0 0 0 0 0
1499.png 1 0 0 1 0 0 0 0 0 0 0 0 0 0 0 0 0 0 0 0
1518.png 1 0 0 0 0 0 0 0 0 0 0 0 0 0 0 0 0 0 0 0
1627.png 1 0 0 0 0 0 0 0 0 0 0 0 0 0 0 0 0 0 0 0
1100.png 1 0 0 1 0 0 0 0 0 0 0 0 0 0 0 0 0 0 0 0
im0273.png 0 0 0 0 0 0 0 0 0 0 0 0 0 0 0 0 0 0 0 1
1049.png 0 0 0 0 0 0 1 0 0 0 0 0 0 0 0 0 0 0 0 0
883.png 0 1 0 0 0 0 0 0 0 0 0 0 0 0 0 0 0 0 0 0
863.png 0 1 0 0 0 0 0 0 0 0 0 0 0 0 0 0 0 0 0 0
480.png 0 0 1 0 0 0 0 0 0 0 0 0 0 0 0 0 0 0 0 0
212.png 0 0 1 0 0 0 0 1 0 0 0 0 0 0 0 0 0 0 0 0
aria_d_20_2.tif 1 0 0 0 0 0 0 0 0 0 0 0 0 0 0 0 0 0 0 0
463.png 1 0 0 0 0 0 0 0 0 0 0 0 0 0 0 0 0 0 0 0
393.png 0 0 0 0 0 0 0 1 0 0 0 0 0 0 0 0 0 0 0 0
93.png 0 1 0 0 0 0 0 0 0 0 0 0 0 0 0 0 0 0 0 0
1318.png 0 1 0 0 0 0 0 0 0 0 0 0 0 0 0 0 0 0 0 0
im0067.png 0 0 0 0 0 0 0 0 0 0 0 0 1 0 0 0 0 0 0 0
1553.png 0 1 0 0 0 0 0 0 0 0 0 0 0 0 0 0 0 0 0 0
1644.png 0 1 0 0 0 0 0 0 0 0 0 0 0 0 0 0 0 0 0 0
680.png 0 1 0 0 0 0 0 0 0 0 0 0 0 0 0 0 0 0 0 0
aria_d_8_23.tif 1 0 0 0 0 0 0 0 0 0 0 0 0 0 0 0 0 0 0 0
1083.png 0 0 0 0 1 1 0 0 0 0 0 0 0 0 0 0 0 0 0 0
1687.png 1 0 0 0 0 0 0 0 0 0 0 0 0 0 0 0 0 0 0 0
im0231.png 0 1 0 0 0 0 0 0 0 0 0 0 0 0 0 0 0 0 0 0
228.png 1 0 0 0 0 0 0 0 0 0 0 0 0 0 0 0 0 0 0 0
aria_c_22_9.tif 0 1 0 0 0 0 0 0 0 0 0 0 0 0 0 0 0 0 0 0
788.png 0 0 1 0 0 0 0 0 0 0 0 0 0 0 0 0 0 0 0 0
im0311.png 0 0 0 0 0 0 0 0 0 0 0 0 0 0 0 0 0 0 0 1
1624.png 1 0 0 1 0 0 0 0 0 0 0 0 0 0 0 0 0 0 0 0
1226.png 1 0 0 0 0 0 0 0 0 0 0 0 0 0 1 0 0 0 0 0
1792.png 0 1 0 0 0 0 0 0 0 0 0 0 0 0 0 0 0 0 0 0
889.png 0 1 0 0 0 0 0 0 0 0 0 0 0 0 0 0 0 0 0 0
110.png 0 0 0 1 0 0 0 1 0 0 0 0 0 0 0 0 0 0 0 0
1143.png 0 0 0 0 0 1 1 0 0 0 0 0 0 0 0 0 0 0 0 0
482.png 0 1 0 0 0 0 0 0 0 0 0 0 0 0 0 0 0 0 0 0
804.png 0 0 1 1 0 0 0 0 0 0 0 0 0 0 0 0 0 0 1 0
925.png 1 0 0 0 0 0 0 0 0 1 0 0 0 0 1 0 0 0 0 0
im0147.png 0 0 0 0 0 1 0 0 0 0 0 1 0 0 0 0 0 0 0 0
875.png 0 0 0 0 1 0 0 0 1 0 0 0 0 0 0 0 0 0 0 0
420.png 0 1 0 0 0 0 0 0 0 0 0 0 0 0 0 0 0 0 0 0
1388.png 0 1 0 0 0 0 0 0 0 0 0 0 0 0 0 0 0 0 0 0
1015.png 0 1 0 0 0 0 0 0 0 0 0 0 0 0 0 0 0 0 0 0
713.png 0 0 1 1 0 0 0 0 0 0 0 0 0 0 0 0 0 0 0 0
8.png 0 0 0 0 0 1 0 1 0 0 0 0 0 0 0 0 0 0 0 0
426.png 1 0 0 0 1 0 0 0 0 0 0 0 0 0 0 0 0 0 0 0
im0263.png 0 0 0 0 0 0 1 0 0 0 0 0 0 0 0 0 0 1 0 0
1209.png 0 1 0 0 0 0 0 0 0 0 0 0 0 0 0 0 0 0 0 0
695.png 1 0 0 0 0 0 0 0 0 0 0 0 0 0 0 0 0 0 0 0
im0362.png 0 0 0 0 0 0 0 0 0 0 0 0 0 0 0 0 0 0 0 1
aria_d_6_11.tif 1 0 0 0 0 0 0 0 0 0 0 0 0 0 0 0 0 0 0 0
1046.png 0 1 0 0 0 0 0 0 0 0 0 0 0 0 0 0 0 0 0 0
1728.png 0 1 0 0 0 0 0 0 0 0 0 0 0 0 0 0 0 0 0 0
im0269.png 0 0 0 0 0 1 0 0 0 0 0 1 0 0 0 0 0 0 0 0
914.png 0 0 0 0 0 0 0 0 0 0 0 0 0 0 0 0 0 0 0 1
556.png 1 0 0 0 1 0 0 0 0 0 0 0 0 0 0 0 0 0 0 0
aria_c_32_2.tif 0 1 0 0 0 0 0 0 0 0 0 0 0 0 0 0 0 0 0 0
394.png 1 0 1 1 0 0 0 0 0 0 0 0 0 0 0 0 0 0 0 0
236.png 0 0 1 0 0 0 0 0 0 0 0 0 0 0 0 0 0 0 0 0
1349.png 1 0 0 0 0 0 0 0 0 0 0 0 0 0 0 0 0 0 0 0
1503.png 1 0 0 1 0 0 0 0 0 0 0 0 0 0 0 0 0 0 0 0
827.png 1 0 0 0 0 0 0 0 0 0 0 0 0 0 0 0 0 0 0 0
im0079.png 0 0 0 0 0 0 0 0 0 0 0 0 0 0 0 0 0 0 0 1
im0226.png 0 0 0 0 0 0 0 0 0 0 1 0 0 0 0 0 0 0 0 0
826.png 0 0 0 0 0 0 1 0 0 0 0 0 0 0 0 0 0 0 0 0
1050.png 0 0 0 0 0 1 0 0 0 0 0 0 0 0 0 0 0 0 0 0
71.png 1 0 0 0 0 0 0 0 0 0 0 0 0 0 0 0 0 0 0 0
1112.png 0 1 0 0 0 0 0 0 0 0 0 0 0 0 0 0 0 0 0 0
1797.png 0 1 0 0 0 0 0 0 0 0 0 0 0 0 0 0 0 0 0 0
203.png 0 0 0 0 0 0 1 0 0 0 0 0 0 0 0 0 0 0 0 0
308.png 1 0 0 0 0 0 0 0 0 0 0 0 0 0 0 0 0 0 0 0
im0233.png 1 0 0 0 0 0 0 0 0 0 0 0 0 0 0 0 0 0 0 0
1312.png 0 1 0 0 0 0 0 0 0 0 0 0 0 0 0 0 0 0 0 0
578.png 0 1 0 0 0 0 0 0 0 0 0 0 0 0 0 0 0 0 0 0
1277.png 1 0 0 0 0 0 0 0 0 0 0 0 0 0 0 0 0 0 0 0
939.png 0 0 1 0 0 0 0 0 0 0 0 0 0 0 0 0 0 0 0 0
im0076.png 0 1 0 0 0 0 0 0 0 0 0 0 0 0 0 0 0 0 0 0
926.png 0 0 0 0 0 0 1 0 0 0 0 0 0 0 0 0 0 0 0 0
1584.png 0 0 0 0 0 0 1 0 0 0 0 0 0 0 0 0 0 0 0 0
1517.png 0 0 0 0 0 0 1 0 0 0 0 0 0 0 0 0 0 0 0 0
1657.png 0 1 0 0 0 0 0 0 0 0 0 0 0 0 0 0 0 0 0 0
im0370.png 0 0 0 0 0 1 0 0 0 0 0 1 0 0 0 0 0 0 0 0
584.png 1 0 0 0 0 0 0 0 0 0 0 0 0 0 0 0 0 0 0 0
aria_c_40_a_6.tif 0 1 0 0 0 0 0 0 0 0 0 0 0 0 0 0 0 0 0 0
337.png 1 0 0 0 0 0 0 0 0 0 0 0 0 0 0 0 0 0 0 0
im0009.png 1 0 0 0 0 0 0 0 0 0 0 0 0 0 0 0 0 0 0 0
314.png 0 1 0 0 0 0 0 0 0 0 0 0 0 0 0 0 0 0 0 0
445.png 0 0 0 0 1 1 0 0 0 0 0 0 0 0 0 0 0 0 0 0
516.png 0 0 0 0 1 0 0 0 0 0 0 0 0 0 0 0 0 0 0 0
142.png 0 0 0 0 0 1 0 0 0 0 0 0 0 0 0 0 0 0 0 0
1135.png 0 1 0 0 0 0 0 0 0 0 0 0 0 0 0 0 0 0 0 0
1549.png 0 0 1 0 0 0 0 0 0 0 0 0 0 0 0 0 0 0 0 0
1825.png 0 0 1 0 0 0 0 0 0 0 0 0 0 0 0 0 0 0 0 0
1272.png 0 0 0 1 0 0 0 0 0 0 0 0 0 0 0 0 0 0 0 0
im0313.png 0 0 0 0 0 0 0 0 0 0 0 0 0 0 0 0 0 0 0 1
aria_d_21_2.tif 1 0 0 0 0 0 0 0 0 0 0 0 0 0 0 0 0 0 0 0
1269.png 0 0 0 0 0 1 0 0 0 0 0 0 0 0 0 0 0 0 0 0
1353.png 0 0 1 0 0 0 0 0 0 0 0 0 0 0 0 0 0 0 0 0
1381.png 0 1 0 0 0 0 0 0 0 0 0 0 0 0 0 0 0 0 0 0
1848.png 0 1 0 0 0 0 0 0 0 0 0 0 0 0 0 0 0 0 0 0
834.png 0 1 0 0 0 0 0 0 0 0 0 0 0 0 0 0 0 0 0 0
im0253.png 0 1 0 0 0 0 0 0 0 0 0 0 0 0 0 0 0 0 0 0
1255.png 0 1 0 0 0 0 0 0 0 0 0 0 0 0 0 0 0 0 0 0
59.png 1 0 0 0 0 0 0 0 0 0 0 0 0 0 1 0 0 0 0 0
1389.png 0 0 0 0 0 0 0 1 0 0 0 0 0 0 0 0 0 0 0 0
im0049.png 0 0 0 0 0 0 0 0 0 0 0 0 0 0 0 0 0 0 0 1
im0398.png 0 0 0 0 0 0 0 0 0 0 0 0 0 0 0 0 1 1 0 0
963.png 0 0 0 0 0 0 0 0 0 0 0 0 0 0 0 0 0 0 0 1
661.png 0 0 0 0 1 0 0 0 0 0 0 0 0 0 0 0 0 0 0 0
843.png 0 0 0 1 1 0 1 0 0 0 0 0 0 0 0 0 0 0 0 0
1527.png 0 0 0 0 0 0 0 0 0 0 0 0 0 0 0 0 0 0 0 1
1910.png 0 0 0 0 1 0 0 0 0 0 0 0 0 0 0 0 0 0 0 0
1602.png 1 0 0 0 0 0 0 0 0 0 0 0 0 0 0 0 0 0 0 0
539.png 1 0 0 0 0 0 0 0 0 0 0 0 0 0 0 0 0 0 0 0
631.png 0 0 0 0 0 0 0 0 0 0 0 0 0 0 0 0 0 0 0 1
1446.png 0 0 0 0 0 0 0 1 0 0 0 0 0 0 0 0 0 0 0 0
1415.png 1 0 0 0 0 0 0 0 0 0 0 0 0 0 0 0 0 0 0 0
983.png 0 0 0 0 1 0 1 0 0 0 0 0 0 0 0 0 0 0 0 1
573.png 0 0 0 1 1 0 0 0 0 0 0 0 0 0 0 0 0 0 0 0
736.png 0 0 0 0 0 0 0 0 0 0 0 0 1 0 0 0 0 0 0 0
1667.png 1 0 0 0 0 0 0 0 0 0 0 0 0 0 0 0 0 0 0 0
im0126.png 1 0 0 0 0 0 0 0 0 0 0 0 0 0 0 0 0 0 0 0
1456.png 0 0 0 1 0 0 0 0 0 0 0 0 0 0 0 0 0 0 0 0
964.png 0 0 0 0 0 0 0 0 0 0 0 0 0 0 0 0 0 0 0 1
14.png 0 0 0 0 0 0 1 0 0 0 0 0 0 0 0 0 0 0 0 0
891.png 0 0 0 0 0 0 0 0 0 0 1 0 0 0 0 0 0 0 0 0
1367.png 0 0 0 0 0 0 0 0 0 0 0 0 0 0 0 0 0 0 0 1
1025.png 1 0 0 0 0 0 0 0 0 0 0 0 0 0 0 0 0 0 0 0
17.png 0 1 0 0 0 0 0 0 0 0 0 0 0 0 0 0 0 0 0 0
778.png 0 0 0 0 0 0 0 0 0 0 0 0 1 0 0 0 0 0 0 0
im0260.png 0 0 0 0 0 1 0 0 0 0 0 1 0 0 0 0 0 0 0 0
742.png 0 0 0 0 0 0 1 0 0 0 0 0 0 0 1 0 0 0 0 0
357.png 0 0 0 0 0 0 0 0 0 1 0 0 0 0 0 0 0 0 0 1
216.png 0 0 0 0 0 0 1 0 0 0 0 0 0 0 0 0 0 0 0 0
777.png 0 0 0 0 0 0 0 0 0 0 0 0 1 0 0 0 0 0 0 0
1168.png 0 0 0 1 0 0 0 0 0 0 0 0 0 0 0 0 0 0 0 0
1011.png 0 0 1 0 0 0 0 0 0 0 0 0 0 0 0 0 0 0 0 1
1077.png 0 1 0 0 0 0 0 0 0 0 0 0 0 0 0 0 0 0 0 0
aria_c_45_12.tif 0 1 0 0 0 0 0 0 0 0 0 0 0 0 0 0 0 0 0 0
im0037.png 0 0 0 0 0 1 0 0 0 0 0 1 0 0 0 0 1 0 0 0
1246.png 0 0 0 0 0 0 0 0 0 0 0 0 0 0 0 0 0 0 0 1
1088.png 0 0 0 0 0 0 0 0 0 0 0 0 0 1 0 0 0 0 0 0
944.png 0 1 0 0 0 0 0 0 0 0 0 0 0 0 0 0 0 0 0 0
1539.png 0 0 0 0 0 0 1 0 0 0 0 0 0 0 0 0 0 0 0 1
im0401.png 0 0 0 0 0 0 1 0 0 0 0 0 0 0 0 0 0 0 0 1
aria_c_26_15.tif 0 1 0 0 0 0 0 0 0 0 0 0 0 0 0 0 0 0 0 0
1262.png 0 0 0 1 0 0 0 0 0 0 0 0 0 0 0 0 0 0 1 0
im0211.png 0 0 0 0 0 0 0 0 0 0 1 0 0 0 0 0 0 0 0 0
211.png 0 0 0 0 0 0 0 0 1 0 0 0 0 0 0 0 0 0 0 0
1790.png 0 1 0 0 0 0 0 0 0 0 0 0 0 0 0 0 0 0 0 0
im0177.png 0 0 0 0 0 0 0 0 0 0 0 0 0 0 0 0 0 0 0 1
462.png 0 1 0 0 0 0 0 0 0 0 0 0 0 0 0 0 0 0 0 0
1261.png 0 0 0 0 0 0 1 0 0 0 0 0 0 0 0 0 0 0 0 0
1362.png 1 0 0 1 0 0 0 0 0 0 0 0 0 0 0 0 0 0 0 0
1032.png 0 1 0 0 0 0 0 0 0 0 0 0 0 0 0 0 0 0 0 0
im0158.png 0 0 0 0 0 1 0 0 0 0 0 1 0 0 0 0 0 0 0 0
265.png 0 0 1 0 0 0 0 0 0 0 0 0 0 0 0 0 0 0 0 0
im0115.png 1 0 0 0 0 0 0 0 0 0 0 0 0 0 0 0 0 0 0 0
279.png 0 0 1 0 0 0 0 0 0 0 0 0 0 0 0 0 0 0 0 0
55.png 0 0 0 0 0 0 0 0 0 0 0 0 0 1 0 0 0 0 0 0
1454.png 0 0 0 1 0 0 0 0 0 0 0 0 0 0 0 0 0 0 0 0
1528.png 0 0 0 0 0 0 0 0 0 0 0 0 0 0 0 0 0 0 1 0
653.png 0 0 0 1 1 0 0 0 0 0 0 0 0 0 0 0 0 0 0 0
aria_d_3_2.tif 1 0 0 0 0 0 0 0 0 0 0 0 0 0 0 0 0 0 0 0
1766.png 0 1 0 0 0 0 0 0 0 0 0 0 0 0 0 0 0 0 0 0
872.png 0 1 0 0 0 0 0 0 0 0 0 0 0 0 0 0 0 0 0 0
1028.png 0 0 0 0 1 1 0 0 0 0 0 0 0 0 0 0 0 0 0 0
1410.png 0 1 0 0 0 0 0 0 0 0 0 0 0 0 0 0 0 0 0 0
1473.png 0 0 0 1 0 0 0 0 0 0 0 0 0 0 0 0 0 0 0 0
506.png 0 0 0 0 0 0 0 1 0 0 0 0 0 0 0 0 0 0 0 0
1215.png 0 0 1 0 0 0 0 0 0 1 0 0 0 0 0 0 0 0 0 0
774.png 0 0 0 0 1 0 0 0 0 0 0 0 0 0 0 0 0 0 0 0
397.png 0 0 0 0 1 0 1 0 0 0 0 0 0 0 0 0 0 0 0 0
572.png 0 0 0 1 1 0 0 0 0 0 0 0 0 0 0 0 0 0 0 0
289.png 0 0 0 0 0 0 0 0 1 0 0 0 0 0 0 0 0 0 0 0
aria_c_35_26.tif 0 1 0 0 0 0 0 0 0 0 0 0 0 0 0 0 0 0 0 0
817.png 0 0 0 1 0 0 0 0 0 0 0 0 0 0 0 0 0 0 0 0
aria_c_1_8.tif 0 1 0 0 0 0 0 0 0 0 0 0 0 0 0 0 0 0 0 0
1123.png 0 0 1 0 0 0 0 0 0 0 0 0 0 0 0 0 0 0 0 0
1017.png 0 0 0 0 0 0 1 0 0 0 0 0 0 0 0 0 0 0 0 0
im0135.png 1 0 0 0 0 0 0 0 0 0 0 0 0 0 0 0 0 0 0 0
410.png 0 1 0 0 0 0 0 0 0 0 0 0 0 0 0 0 0 0 0 0
1144.png 0 0 0 0 0 1 1 0 0 0 0 0 0 0 0 0 0 0 0 0
606.png 0 0 0 0 0 0 0 0 0 0 0 0 0 0 0 1 0 0 0 0
922.png 0 0 0 1 1 0 1 0 0 0 0 0 0 0 0 0 0 0 0 0
1343.png 0 0 0 0 0 0 0 0 0 0 0 0 0 1 0 0 0 0 0 0
1512.png 1 0 0 0 1 0 0 0 0 0 0 0 0 0 0 0 0 0 0 0
187.png 0 0 0 0 1 0 1 0 0 0 0 0 0 0 0 0 0 0 0 0
1424.png 0 0 0 0 0 0 0 0 0 0 0 0 0 1 0 0 0 0 0 0
957.png 0 0 0 0 0 0 0 0 0 0 0 0 0 1 0 0 0 0 0 0
542.png 0 0 0 1 0 1 0 1 0 0 0 0 0 0 0 0 0 0 0 0
60.png 0 0 0 0 0 0 0 0 0 0 0 0 0 0 0 0 0 0 0 1
1201.png 1 0 0 0 0 0 0 0 0 0 0 0 0 0 0 0 0 0 0 0
1053.png 0 0 0 0 0 0 1 0 0 0 0 0 0 0 0 0 0 0 0 0
1688.png 0 0 0 0 0 0 0 0 0 1 0 0 0 0 0 0 0 0 0 0
724.png 0 0 0 1 0 0 0 0 0 0 0 0 0 0 0 0 0 0 0 0
819.png 0 0 0 0 0 0 0 0 0 0 0 0 0 0 0 1 0 0 0 0
1779.png 0 0 0 1 0 0 0 0 0 0 0 0 0 0 0 0 0 0 0 0
641.png 0 1 0 0 0 0 0 0 0 0 0 0 0 0 0 0 0 0 0 0
im0261.png 0 0 0 0 0 1 0 0 0 0 0 1 0 0 0 0 0 0 0 0
aria_c_9_6.tif 0 1 0 0 0 0 0 0 0 0 0 0 0 0 0 0 0 0 0 0
29.png 0 0 0 0 1 0 0 0 0 0 0 0 0 0 0 0 0 0 0 0
1741.png 0 0 1 0 0 0 0 0 0 0 0 0 0 0 0 0 0 0 0 0
1638.png 1 0 0 0 0 0 0 0 0 0 0 0 0 0 0 0 0 0 0 0
im0343.png 1 0 0 0 0 0 0 0 0 0 0 0 0 0 0 0 0 0 0 0
1156.png 0 0 0 1 0 0 0 0 0 0 0 0 0 0 0 0 0 0 0 0
1229.png 0 0 0 0 0 0 0 0 0 0 0 0 0 1 0 0 0 0 0 0
im0338.png 0 0 0 0 0 0 0 0 1 0 0 0 0 0 0 0 0 0 0 0
109.png 0 0 0 1 0 0 0 1 0 0 0 0 0 0 0 0 0 0 0 0
1443.png 0 0 0 0 0 0 0 0 0 0 0 0 0 0 0 0 0 0 0 1
1247.png 1 0 0 0 0 0 0 0 0 0 0 0 0 0 0 0 0 0 0 0
im0325.png 0 0 0 0 0 0 0 0 0 0 0 0 0 0 0 0 0 0 0 1
1899.png 0 1 0 0 0 0 0 0 0 0 0 0 0 0 0 0 0 0 0 0
699.png 0 0 0 1 1 0 0 0 0 0 0 0 0 0 0 0 0 0 0 0
97.png 1 0 0 0 0 0 0 0 0 0 0 0 0 0 0 0 0 0 0 0
262.png 0 0 0 0 0 0 0 0 0 0 0 0 0 0 0 0 0 0 1 0
551.png 0 0 1 0 0 0 0 0 0 0 0 0 0 0 0 0 0 0 0 0
im0024.png 0 0 0 0 0 0 0 0 0 0 0 0 0 0 0 0 0 0 0 1
im0038.png 1 0 0 0 0 0 0 0 0 0 0 0 0 0 0 0 1 0 0 0
1905.png 0 1 0 0 0 0 0 0 0 0 0 0 0 0 0 0 0 0 0 0
1878.png 0 1 0 0 0 0 0 0 0 0 0 0 0 0 0 0 0 0 0 0
580.png 0 0 0 0 0 0 0 0 0 0 0 0 0 0 0 0 0 0 0 1
1352.png 0 0 1 0 0 0 0 0 0 0 0 0 0 0 0 0 0 0 0 0
519.png 0 0 0 0 1 1 1 0 0 0 0 0 0 0 0 0 0 0 0 0
69.png 0 0 0 1 0 0 0 0 0 0 0 0 0 0 0 0 0 0 0 0
1581.png 0 0 0 0 0 1 0 0 0 0 0 0 0 0 0 0 0 0 0 0
1508.png 0 1 0 0 0 0 0 0 0 0 0 0 0 0 0 0 0 0 0 0
aria_c_35_27.tif 0 1 0 0 0 0 0 0 0 0 0 0 0 0 0 0 0 0 0 0
1355.png 0 0 1 0 0 0 0 0 0 1 0 0 0 0 0 0 0 0 0 0
im0348.png 1 0 0 0 0 0 0 0 0 0 0 0 0 0 0 0 0 0 0 0
615.png 1 0 0 0 0 0 0 0 0 0 0 0 0 0 0 0 0 0 0 0
783.png 0 0 0 0 0 0 0 0 0 0 0 0 1 0 0 0 0 0 0 0
im0096.png 1 0 0 0 0 0 0 0 0 0 0 0 0 0 0 0 0 0 0 0
1282.png 0 0 0 0 0 0 0 0 0 0 1 0 0 0 0 0 0 0 0 0
1907.png 0 0 0 0 1 0 0 0 0 0 0 0 0 0 0 0 0 0 0 0
1199.png 1 0 0 0 1 0 0 0 0 0 0 0 0 0 0 0 0 0 0 0
im0235.png 0 1 0 0 0 0 0 0 0 0 0 0 0 0 0 0 0 0 0 0
234.png 1 0 1 0 0 0 1 0 0 0 0 0 0 0 0 0 0 0 0 0
975.png 0 0 0 0 0 0 1 0 0 0 0 0 0 0 0 0 0 0 0 0
1865.png 0 1 0 0 0 0 0 0 0 0 0 0 0 0 0 0 0 0 0 0
155.png 0 0 0 0 0 0 0 0 0 0 0 0 0 0 0 1 0 0 0 0
aria_c_9_1.tif 0 1 0 0 0 0 0 0 0 0 0 0 0 0 0 0 0 0 0 0
im0104.png 0 0 0 0 0 1 0 0 0 0 0 1 0 0 0 0 0 0 0 0
454.png 0 1 0 0 0 0 0 0 0 0 0 0 0 0 0 0 0 0 0 0
im0312.png 0 0 0 0 0 0 0 0 0 0 0 0 0 0 0 0 0 0 0 1
1796.png 0 1 0 0 0 0 0 0 0 0 0 0 0 0 0 0 0 0 0 0
161.png 0 0 0 0 0 0 0 1 0 0 0 0 0 0 0 0 0 0 0 0
aria_c_6_2.tif 0 1 0 0 0 0 0 0 0 0 0 0 0 0 0 0 0 0 0 0
906.png 0 0 0 0 0 0 0 0 0 0 0 0 0 0 0 1 0 0 0 0
1322.png 1 0 0 0 0 0 0 0 0 0 0 0 0 0 0 0 0 0 0 0
1814.png 0 1 0 0 0 0 0 0 0 0 0 0 0 0 0 0 0 0 0 0
504.png 0 0 0 0 0 0 0 0 0 1 0 0 0 0 0 0 0 0 0 1
im0083.png 0 0 0 0 0 1 0 0 0 0 0 1 0 0 0 0 0 0 0 0
im0341.png 1 0 0 0 0 0 0 0 0 0 0 0 0 0 0 0 0 0 0 0
824.png 0 0 0 0 0 0 1 0 0 0 0 0 0 0 0 0 0 0 0 0
im0194.png 1 0 0 0 0 0 0 0 0 0 0 0 0 0 0 0 0 0 0 0
751.png 0 0 0 0 0 0 0 1 0 0 0 0 0 0 0 0 0 0 0 0
im0204.png 1 0 0 0 0 0 0 0 0 0 0 0 0 0 0 0 0 0 0 0
1538.png 1 0 0 0 0 0 0 0 0 0 0 0 0 0 0 0 0 0 0 0
1464.png 0 0 0 1 0 0 0 0 0 0 0 0 0 0 0 0 0 0 0 0
1837.png 0 1 0 0 0 0 0 0 0 0 0 0 0 0 0 0 0 0 0 0
im0046.png 0 0 0 0 0 0 1 0 0 0 0 0 0 0 0 0 0 0 0 0
1668.png 1 0 0 0 0 0 0 0 0 0 0 0 0 0 0 0 0 0 0 0
im0170.png 0 1 0 0 0 0 0 0 0 0 0 0 0 0 0 0 0 0 0 0
980.png 0 0 1 1 0 0 0 1 1 0 0 0 0 0 0 0 0 0 0 0
74.png 0 0 0 0 1 0 0 0 1 0 0 0 0 0 0 0 0 0 0 0
1196.png 0 0 0 0 0 0 0 0 0 0 0 0 0 0 0 0 0 0 0 1
1498.png 1 0 0 1 0 0 0 0 0 0 0 0 0 0 0 0 0 0 0 0
1010.png 0 1 0 0 0 0 0 0 0 0 0 0 0 0 0 0 0 0 0 0
im0008.png 0 0 0 0 0 1 0 0 0 0 0 1 0 0 0 0 0 1 0 0
1089.png 1 0 0 0 0 0 0 1 0 0 0 0 0 0 0 0 0 0 0 0
1137.png 0 1 0 0 0 0 0 0 0 0 0 0 0 0 0 0 0 0 0 0
58.png 0 0 0 0 0 0 0 0 0 0 1 0 0 0 0 0 0 0 0 0
im0186.png 1 0 0 0 0 0 0 0 0 0 0 0 0 0 0 0 0 0 0 1
570.png 0 0 0 0 0 0 0 1 0 0 0 0 0 0 0 0 0 0 0 1
1435.png 0 0 0 1 0 0 0 0 0 0 0 0 0 0 0 0 0 0 0 0
1589.png 0 0 0 0 0 0 0 0 0 1 0 0 0 0 0 0 0 0 0 0
1908.png 0 0 0 0 0 0 0 0 1 0 0 0 0 0 0 0 0 0 0 0
aria_a_10_10.tif 0 0 0 0 0 1 0 0 0 0 0 0 0 0 0 0 0 0 0 0
1877.png 0 1 0 0 0 0 0 0 0 0 0 0 0 0 0 0 0 0 0 0
1875.png 0 1 0 0 0 0 0 0 0 0 0 0 0 0 0 0 0 0 0 0
667.png 0 0 0 1 0 0 1 0 0 0 0 0 0 0 0 0 0 0 0 0
im0102.png 0 0 0 0 0 0 0 0 0 0 0 0 0 0 0 0 0 0 0 1
1448.png 0 0 0 1 0 0 0 0 0 0 0 0 0 0 0 0 0 0 0 0
aria_d_8_2.tif 1 0 0 0 0 0 0 0 0 0 0 0 0 0 0 0 0 0 0 0
57.png 0 0 0 0 0 0 0 0 0 1 0 0 0 0 0 0 0 0 0 1
403.png 1 0 0 0 0 0 0 0 0 0 0 0 0 0 0 0 0 0 0 1
im0307.png 0 0 0 0 0 0 1 0 0 0 0 0 0 0 0 0 0 0 0 1
131.png 1 0 0 0 0 0 0 0 0 0 0 0 0 0 1 0 0 0 0 0
im0245.png 0 1 0 0 0 0 0 0 0 0 0 0 0 0 0 0 0 0 0 0
1419.png 0 1 0 0 0 0 0 0 0 0 0 0 0 0 0 0 0 0 0 0
im0082.png 0 1 0 0 0 0 0 0 0 0 0 0 0 0 0 0 0 0 0 0
aria_c_31_20.tif 0 1 0 0 0 0 0 0 0 0 0 0 0 0 0 0 0 0 0 0
1276.png 1 0 0 0 0 0 0 0 0 0 0 0 0 0 0 0 0 0 0 0
im0134.png 1 0 0 0 0 0 0 0 0 0 0 0 0 0 0 0 0 0 0 0
1341.png 0 0 0 0 0 0 0 0 0 0 0 0 0 0 0 0 0 0 0 1
478.png 1 0 0 1 0 0 0 0 0 0 0 0 0 0 0 0 0 0 0 0
197.png 1 0 0 1 0 0 0 1 0 0 0 0 0 0 0 0 0 0 0 0
1706.png 0 1 0 0 0 0 0 0 0 0 0 0 0 0 0 0 0 0 0 0
1113.png 0 1 0 0 0 0 0 0 0 0 0 0 0 0 0 0 0 0 0 0
im0063.png 0 0 0 0 0 0 1 0 0 0 0 0 0 0 0 0 0 0 0 0
1094.png 0 0 0 0 0 0 0 1 0 0 0 0 0 0 0 0 0 0 0 0
im0239.png 0 1 0 0 0 0 0 0 0 0 0 0 0 0 0 0 0 0 0 0
720.png 0 0 0 0 0 0 0 0 0 0 0 0 0 1 0 0 0 0 0 0
320.png 0 1 0 0 0 0 0 0 0 0 0 0 0 0 0 0 0 0 0 0
im0032.png 0 1 0 0 0 0 0 0 0 0 0 0 0 0 0 0 0 0 0 0
210.png 0 0 0 0 0 0 0 0 0 0 0 0 1 0 0 0 0 0 0 0
1699.png 0 1 0 0 0 0 0 0 0 0 0 0 0 0 0 0 0 0 0 0
1869.png 0 1 0 0 0 0 0 0 0 0 0 0 0 0 0 0 0 0 0 0
56.png 0 0 0 0 0 0 0 0 0 0 0 0 0 1 0 0 0 0 0 0
509.png 0 0 0 0 0 0 0 0 0 0 0 0 1 0 0 0 0 0 0 0
752.png 0 0 0 0 0 0 0 0 0 0 0 0 1 0 0 0 0 0 0 0
im0366.png 0 0 0 0 0 0 0 0 1 0 0 0 0 0 0 0 0 1 0 0
im0236.png 0 1 0 0 0 0 0 0 0 0 0 0 0 0 0 0 0 0 0 0
619.png 0 0 0 0 1 1 0 0 0 0 0 0 0 0 0 0 0 0 0 0
1158.png 1 0 0 0 0 0 0 0 0 0 0 0 0 0 0 0 0 0 0 0
540.png 1 0 0 0 0 0 0 0 0 0 0 0 0 0 0 0 0 0 0 0
im0154.png 0 0 0 0 0 1 0 0 0 0 0 1 0 0 0 0 0 0 0 0
1479.png 0 0 0 0 0 0 0 0 0 0 0 0 0 0 0 0 0 0 0 1
51.png 0 0 0 0 0 0 1 0 0 0 0 0 0 0 0 0 0 0 0 0
im0285.png 0 0 0 0 0 0 0 0 0 0 0 0 0 0 0 0 0 0 0 1
402.png 1 0 0 0 0 0 0 0 0 0 0 0 0 0 0 0 0 0 0 0
1194.png 0 1 0 0 0 0 0 0 0 0 0 0 0 0 0 0 0 0 0 0
im0229.png 1 0 0 0 0 0 0 0 0 0 0 0 0 0 0 0 0 0 0 1
784.png 0 0 0 0 1 0 0 0 0 0 0 0 0 0 0 0 0 0 0 0
1774.png 0 0 0 1 1 0 0 0 0 0 0 0 0 0 0 0 0 0 0 0
492.png 0 0 0 0 0 0 1 0 0 0 0 0 0 0 0 0 0 0 0 0
1744.png 0 1 0 0 0 0 0 0 0 0 0 0 0 0 0 0 0 0 0 0
103.png 0 0 1 0 1 0 0 0 0 0 0 0 0 0 0 0 0 0 0 0
1453.png 0 0 1 1 0 0 0 1 0 0 0 0 0 0 0 0 0 0 0 0
1546.png 1 0 0 0 0 0 0 0 0 0 0 0 0 0 0 0 0 0 0 0
702.png 0 0 0 0 0 0 0 0 0 0 0 0 0 1 0 0 0 0 0 0
48.png 0 0 1 1 0 0 0 1 0 0 0 0 0 0 0 0 0 0 0 0
911.png 1 0 0 1 0 0 0 0 0 0 0 0 0 0 1 0 0 0 0 0
1230.png 0 0 0 0 0 1 0 0 0 0 0 0 0 0 0 0 0 0 0 0
118.png 0 1 0 0 0 0 0 0 0 0 0 0 0 0 0 0 0 0 0 0
1099.png 0 0 0 0 0 0 1 0 0 0 0 0 0 0 0 0 0 0 0 0
229.png 1 0 0 0 0 0 0 0 1 0 0 0 0 0 0 0 0 0 0 0
250.png 0 0 0 0 1 0 0 0 0 0 0 0 0 0 0 0 0 0 0 1
im0171.png 0 0 0 0 0 1 0 0 0 0 0 1 0 0 0 0 0 0 0 0
400.png 0 0 0 0 0 0 0 0 0 0 0 0 1 0 0 0 0 0 0 0
21.png 0 1 0 0 0 0 0 0 0 0 0 0 0 0 0 0 0 0 0 0
1521.png 0 0 0 0 0 1 0 1 0 0 0 0 0 0 0 0 0 0 0 0
123.png 0 0 0 0 0 0 1 0 0 0 0 0 0 0 0 0 0 0 0 0
1898.png 0 1 0 0 0 0 0 0 0 0 0 0 0 0 0 0 0 0 0 0
1030.png 0 0 0 0 0 1 0 1 0 0 0 0 0 0 0 0 0 0 0 0
188.png 0 0 0 0 1 1 0 0 0 0 0 0 0 0 0 0 0 0 0 0
1871.png 0 1 0 0 0 0 0 0 0 0 0 0 0 0 0 0 0 0 0 0
im0254.png 0 1 0 0 0 0 0 0 0 0 0 0 0 0 0 0 0 0 0 0
im0234.png 0 1 0 0 0 0 0 0 0 0 0 0 0 0 0 0 0 0 0 0
1459.png 0 0 0 0 0 0 0 0 0 0 0 0 0 0 0 0 0 0 0 1
1853.png 0 1 0 0 0 0 0 0 0 0 0 0 0 0 0 0 0 0 0 0
377.png 0 0 0 0 0 1 0 0 0 0 0 0 0 0 0 0 0 0 0 1
im0088.png 0 0 0 0 0 0 0 0 0 0 0 0 1 0 0 0 0 0 0 0
1058.png 0 0 0 0 0 0 0 0 0 0 0 0 0 1 0 0 0 0 0 0
144.png 1 0 0 0 0 0 0 0 0 0 0 0 0 0 0 0 0 0 0 0
753.png 0 0 0 0 0 0 0 0 0 0 0 0 1 0 0 0 0 0 0 0
aria_c_7_2.tif 0 1 0 0 0 0 0 0 0 0 0 0 0 0 0 0 0 0 0 0
3.png 1 0 0 0 0 0 0 0 0 0 0 0 0 0 0 0 0 0 0 0
836.png 0 0 0 0 0 0 0 0 0 1 0 0 0 0 0 0 0 0 0 0
im0267.png 0 0 0 0 0 1 0 0 0 0 0 1 0 0 0 0 1 0 0 0
1190.png 1 0 1 0 0 0 0 0 0 0 0 0 0 0 0 0 0 0 0 0
im0081.png 0 1 0 0 0 0 0 0 0 0 0 0 0 0 0 0 0 0 0 0
1829.png 0 1 0 0 0 0 0 0 0 0 0 0 0 0 0 0 0 0 0 0
1827.png 0 1 0 0 0 0 0 0 0 0 0 0 0 0 0 0 0 0 0 0
im0068.png 0 0 0 0 0 0 1 0 0 0 0 0 0 0 0 0 0 0 0 0
1658.png 0 0 0 0 0 0 0 0 0 0 0 0 0 0 0 0 0 0 0 1
im0149.png 0 0 0 0 0 1 0 0 0 0 0 1 0 0 0 0 0 0 0 0
460.png 1 0 0 0 0 0 0 0 0 0 0 0 0 0 1 0 0 0 0 0
im0050.png 1 0 0 0 0 0 0 0 0 0 0 0 0 0 0 0 0 0 0 0
1436.png 1 0 0 0 0 0 0 0 0 0 0 0 0 0 1 0 0 0 0 0
1598.png 0 0 0 0 0 0 0 0 0 0 0 0 0 0 0 0 0 0 0 1
im0216.png 0 1 0 0 0 0 0 0 0 0 0 0 0 0 0 0 0 0 0 0
1812.png 0 1 0 0 0 0 0 0 0 0 0 0 0 0 0 0 0 0 0 0
789.png 0 0 1 0 0 0 0 0 0 0 0 0 0 0 0 0 0 0 0 0
im0185.png 0 0 0 0 0 0 0 0 0 0 0 0 0 0 0 0 0 0 0 1
1599.png 0 0 0 0 0 1 0 0 0 0 0 0 0 0 0 0 0 0 0 0
im0111.png 1 0 0 0 0 0 0 0 0 0 0 0 0 0 0 0 0 0 0 1
286.png 0 0 0 1 1 0 0 0 0 1 0 0 0 0 0 0 0 0 0 0
766.png 0 0 0 1 1 0 0 0 0 0 0 0 0 0 0 0 0 0 0 0
1864.png 0 1 0 0 0 0 0 0 0 0 0 0 0 0 0 0 0 0 0 0
1920.png 0 1 0 0 0 0 0 0 0 0 0 0 0 0 0 0 0 0 0 0
852.png 0 1 0 0 0 0 0 0 0 0 0 0 0 0 0 0 0 0 0 0
1786.png 0 1 0 0 0 0 0 0 0 0 0 0 0 0 0 0 0 0 0 0
1643.png 1 0 0 0 0 0 0 0 0 0 0 0 0 0 0 0 0 0 0 0
1216.png 0 0 1 1 0 0 0 0 0 0 0 0 0 0 0 0 0 0 0 0
727.png 0 0 0 0 0 0 0 0 0 0 1 0 0 0 0 0 0 0 0 0
733.png 0 0 0 1 0 0 0 0 0 0 0 0 0 0 0 0 0 0 0 0
1679.png 0 0 0 0 1 1 0 0 0 0 0 0 0 0 0 0 0 0 0 0
1816.png 0 1 0 0 0 0 0 0 0 0 0 0 0 0 0 0 0 0 0 0
1826.png 0 0 1 0 0 0 0 0 0 0 0 0 0 0 0 0 0 0 0 0
1587.png 0 1 0 0 0 0 0 0 0 0 0 0 0 0 0 0 0 0 0 0
im0321.png 0 0 0 0 0 0 0 0 0 0 0 0 0 0 0 0 0 0 0 1
1596.png 1 0 0 1 0 0 0 0 0 0 0 0 0 0 0 0 0 0 0 0
im0022.png 0 0 0 0 0 0 0 0 0 0 0 0 0 0 0 0 0 1 0 0
1771.png 0 1 0 0 0 0 0 0 0 0 0 0 0 0 0 0 0 0 0 0
im0062.png 0 0 0 0 0 1 0 0 0 0 0 1 0 0 0 0 0 1 0 0
1750.png 0 0 0 1 0 0 0 0 0 0 0 0 0 0 0 0 0 0 0 0
im0277.png 1 0 0 0 0 0 0 0 0 0 0 0 0 0 0 0 0 0 0 0
im0200.png 0 0 0 0 0 0 0 0 1 0 0 0 0 0 0 0 0 0 0 0
972.png 0 0 1 0 0 0 0 0 0 0 0 0 0 0 0 0 0 0 0 0
758.png 0 1 0 0 0 0 0 0 0 0 0 0 0 0 0 0 0 0 0 0
1273.png 0 0 1 0 0 0 0 0 0 1 0 0 0 0 0 0 0 0 0 0
626.png 0 0 0 0 0 0 1 0 0 0 0 0 0 0 0 0 0 0 0 0
812.png 0 1 0 0 0 0 0 0 0 0 0 0 0 0 0 0 0 0 0 0
656.png 0 0 1 0 0 0 0 0 0 0 0 0 0 0 0 0 0 0 1 0
1402.png 0 0 0 1 0 0 0 0 0 0 0 0 0 0 0 0 0 0 0 1
1620.png 0 0 0 0 1 0 0 0 0 0 0 0 0 0 0 0 0 0 0 1
1494.png 0 0 0 0 0 1 0 0 0 0 0 0 0 0 0 0 0 0 0 1
588.png 0 0 0 0 0 0 0 0 0 0 0 0 0 0 0 0 0 0 1 0
1339.png 0 0 0 0 0 0 0 0 0 0 0 0 0 0 0 0 0 0 0 1
609.png 0 0 0 0 0 0 0 0 0 0 0 0 0 0 0 1 0 0 0 0
1506.png 0 0 1 0 0 0 0 0 0 0 0 0 0 0 0 0 0 0 0 0
905.png 0 1 0 0 0 0 0 0 0 0 0 0 0 0 0 0 0 0 0 0
im0203.png 1 0 0 0 0 0 0 0 0 0 0 0 0 0 0 0 0 0 0 0
1860.png 0 1 0 0 0 0 0 0 0 0 0 0 0 0 0 0 0 0 0 0
533.png 0 0 1 0 1 0 0 0 0 0 0 0 0 0 0 0 0 0 0 0
aria_d_11_22.tif 1 0 0 0 0 0 0 0 0 0 0 0 0 0 0 0 0 0 0 0
1283.png 0 0 0 1 0 0 0 0 0 0 0 0 0 0 0 0 0 0 0 0
635.png 0 0 1 1 1 0 0 0 0 0 0 0 0 0 0 0 0 0 0 0
1616.png 1 0 0 0 0 0 0 0 0 0 0 0 0 0 0 0 0 0 0 0
895.png 0 1 0 0 0 0 0 0 0 0 0 0 0 0 0 0 0 0 0 0
1071.png 0 1 0 0 0 0 0 0 0 0 0 0 0 0 0 0 0 0 0 0
im0006.png 0 0 0 0 0 0 1 0 0 0 0 0 0 0 0 0 0 0 0 0
1107.png 0 0 0 0 1 0 1 0 0 0 0 0 0 0 0 0 0 0 0 0
im0129.png 0 0 0 0 0 0 0 0 0 0 0 0 1 0 0 0 0 0 0 0
1311.png 0 1 0 0 0 0 0 0 0 0 0 0 0 0 0 0 0 0 0 0
130.png 1 0 0 0 0 0 0 0 0 0 0 0 0 0 1 0 0 0 0 0
385.png 1 0 0 0 0 0 0 0 0 1 0 0 0 0 0 0 0 0 0 0
970.png 0 0 0 0 0 0 0 0 0 0 0 0 0 0 0 1 0 0 0 0
1081.png 0 0 0 0 0 0 0 0 0 0 0 0 0 0 0 0 0 0 0 1
395.png 1 0 0 0 0 0 0 0 0 0 0 0 0 0 0 0 0 0 0 0
936.png 0 1 0 0 0 0 0 0 0 0 0 0 0 0 0 0 0 0 0 0
im0192.png 1 0 0 0 0 0 1 0 0 0 0 0 0 0 0 0 0 0 0 0
1571.png 0 0 0 0 0 0 0 0 0 0 0 0 0 0 0 0 0 0 0 1
1295.png 0 1 0 0 0 0 0 0 0 0 0 0 0 0 0 0 0 0 0 0
755.png 0 0 0 0 0 1 0 0 0 0 0 0 0 0 0 0 0 0 0 0
im0241.png 0 1 0 0 0 0 0 0 0 0 0 0 0 0 0 0 0 0 0 0
707.png 0 0 1 0 0 0 0 0 0 0 0 0 0 0 0 0 0 0 0 0
1200.png 0 0 1 0 1 0 0 0 0 0 0 0 0 0 0 0 0 0 0 0
im0120.png 0 1 0 0 0 0 0 0 0 0 0 0 0 0 0 0 0 0 0 0
871.png 0 0 0 0 0 0 0 0 1 0 0 0 0 0 0 0 0 0 0 0
816.png 0 0 0 1 0 0 0 0 0 0 0 0 0 0 0 0 0 0 0 0
aria_a_14_11.tif 0 0 0 0 0 1 0 0 0 0 0 0 0 0 0 0 0 0 0 0
987.png 0 0 0 0 0 0 0 0 0 0 0 0 1 0 0 0 0 0 0 0
im0157.png 1 0 0 0 0 0 0 0 0 0 0 0 0 0 0 0 0 0 0 0
408.png 0 0 0 1 0 0 0 0 0 0 0 0 0 0 0 0 0 0 1 0
561.png 1 0 0 0 0 0 0 0 0 0 0 0 0 0 0 0 0 0 0 0
1354.png 0 0 1 0 0 0 0 0 0 0 0 0 0 0 0 0 0 0 0 0
1336.png 0 0 1 0 0 0 0 0 0 0 0 0 0 0 0 0 0 0 0 0
1159.png 1 0 0 0 0 0 0 0 0 0 0 0 0 0 0 0 0 0 0 1
951.png 0 0 0 0 0 0 0 0 0 0 0 0 0 0 0 0 0 0 0 1
121.png 0 0 0 0 0 0 0 0 0 0 0 0 0 0 0 0 0 0 0 1
37.png 1 0 0 0 0 0 0 0 0 0 0 0 0 0 0 0 0 0 0 0
1331.png 1 0 0 0 0 0 0 0 0 0 0 0 0 0 0 0 0 0 0 0
aria_c_4_8.tif 0 1 0 0 0 0 0 0 0 0 0 0 0 0 0 0 0 0 0 0
1280.png 0 0 0 1 0 0 0 0 0 0 0 0 0 0 0 0 0 0 0 0
162.png 0 0 0 0 0 1 0 1 0 0 0 0 0 0 0 0 0 0 0 1
im0041.png 0 0 0 0 0 0 1 0 0 0 0 0 0 0 0 0 0 0 0 0
370.png 0 0 0 0 1 0 0 0 0 0 0 0 0 0 0 0 0 0 0 0
242.png 1 0 0 0 0 0 0 0 0 0 0 0 0 0 0 0 0 0 0 0
429.png 0 0 0 0 0 0 1 0 0 0 0 0 0 0 0 0 0 0 0 0
384.png 0 0 0 0 0 0 0 0 1 0 0 0 0 0 0 0 0 0 0 0
676.png 0 0 0 1 0 0 0 0 0 0 0 0 0 0 0 0 0 0 0 0
im0053.png 0 0 0 0 0 1 0 0 0 0 0 1 0 0 0 0 0 0 0 0
1469.png 0 0 0 0 0 0 0 0 0 0 0 0 0 0 0 0 0 0 0 1
1375.png 1 0 0 0 0 0 0 0 0 0 0 0 0 0 0 0 0 0 0 0
im0021.png 1 0 0 0 0 0 0 0 0 0 0 0 0 0 0 0 0 0 0 0
764.png 0 0 0 0 0 0 0 0 0 0 0 0 0 0 0 1 0 0 0 0
1458.png 0 0 0 0 0 0 0 0 0 0 0 0 0 0 0 0 0 0 0 1
1767.png 0 1 0 0 0 0 0 0 0 0 0 0 0 0 0 0 0 0 0 0
583.png 1 0 0 0 0 0 0 0 0 1 0 0 0 0 0 0 0 0 0 0
aria_d_18_2.tif 1 0 0 0 0 0 0 0 0 0 0 0 0 0 0 0 0 0 0 0
aria_c_26_2.tif 0 1 0 0 0 0 0 0 0 0 0 0 0 0 0 0 0 0 0 0
1489.png 0 0 0 0 0 0 0 0 1 0 0 0 0 0 0 0 0 0 0 0
1346.png 0 0 1 0 0 0 1 0 0 0 0 0 0 0 0 0 0 0 0 0
545.png 0 0 0 0 0 1 0 1 0 0 0 0 0 0 0 0 0 0 0 0
371.png 0 0 0 0 0 0 1 0 0 0 0 0 0 0 0 0 0 0 0 0
104.png 1 0 0 0 0 0 0 0 0 0 0 0 0 0 1 0 0 0 0 1
933.png 0 0 0 0 0 0 0 1 0 0 0 0 0 0 0 0 0 0 0 0
141.png 0 0 0 0 0 0 0 0 0 0 0 0 0 0 0 0 0 0 0 1
965.png 0 1 0 0 0 0 0 0 0 0 0 0 0 0 0 0 0 0 0 0
1361.png 0 0 0 0 0 0 0 0 1 0 0 0 0 0 0 0 0 0 0 0
1090.png 1 0 0 0 0 0 0 0 0 0 0 0 0 0 0 0 0 0 0 0
311.png 0 0 0 0 0 0 0 0 0 0 0 0 0 0 0 0 0 0 1 0
865.png 0 0 0 0 0 0 0 0 0 0 1 0 0 0 0 0 0 0 0 0
253.png 1 0 0 0 0 0 0 0 0 0 0 0 0 0 0 0 0 0 0 0
1278.png 0 0 0 0 0 0 0 0 1 0 0 0 0 0 0 0 0 0 0 0
1631.png 0 0 0 0 0 0 0 0 1 0 0 0 0 0 0 0 0 0 0 0
im0007.png 0 0 0 0 0 1 0 0 0 0 0 1 0 0 0 0 1 1 0 0
481.png 0 0 0 0 0 0 0 0 1 0 0 0 0 0 0 0 0 0 0 0
im0396.png 0 0 0 0 0 0 0 0 0 0 0 0 0 0 0 0 1 1 0 0
1002.png 0 0 0 1 0 0 1 0 0 0 0 0 0 0 0 0 0 0 0 1
217.png 0 0 1 0 0 0 0 0 0 0 0 0 0 0 0 0 0 0 0 0
1254.png 0 0 0 0 0 0 1 0 0 0 0 0 0 0 0 0 0 0 0 0
122.png 1 0 0 1 0 0 0 0 0 0 0 0 0 0 1 0 0 0 0 0
75.png 0 0 0 0 0 0 1 0 0 0 0 0 0 0 0 0 0 0 0 0
im0132.png 0 0 0 0 0 0 0 0 0 0 0 0 0 0 0 0 0 0 0 1
876.png 0 0 1 0 1 0 0 0 0 0 0 0 0 0 0 0 0 0 0 0
401.png 0 0 0 0 0 0 0 0 0 0 0 0 1 0 0 0 0 0 0 0
842.png 0 0 0 1 0 0 0 1 0 0 0 0 0 0 0 0 0 0 0 0
im0027.png 0 0 0 0 0 0 0 0 0 0 1 0 0 0 0 0 0 0 0 0
1426.png 0 0 0 0 0 0 0 0 0 0 0 0 0 0 0 0 0 0 0 1
637.png 0 0 0 1 0 0 0 0 0 0 0 0 0 0 0 0 0 0 0 0
1835.png 0 0 0 1 0 0 0 0 0 0 0 0 0 0 0 0 0 0 0 0
1284.png 0 1 0 0 0 0 0 0 0 0 0 0 0 0 0 0 0 0 0 0
1291.png 0 0 0 0 0 0 0 0 0 0 0 0 0 1 0 0 0 0 0 0
1830.png 0 1 0 0 0 0 0 0 0 0 0 0 0 0 0 0 0 0 0 0
im0139.png 1 0 0 0 0 0 0 0 0 0 0 0 0 0 0 0 0 0 0 0
1397.png 0 0 0 1 0 0 0 1 0 0 0 0 0 0 0 0 0 0 0 0
127.png 0 0 0 0 0 0 0 0 0 0 1 0 0 0 0 0 0 0 0 0
aria_c_38_42.tif 0 1 0 0 0 0 0 0 0 0 0 0 0 0 0 0 0 0 0 0
947.png 0 1 0 0 0 0 0 0 0 0 0 0 0 0 0 0 0 0 0 0
569.png 0 1 0 0 0 0 0 0 0 0 0 0 0 0 0 0 0 0 0 0
1884.png 0 1 0 0 0 0 0 0 0 0 0 0 0 0 0 0 0 0 0 0
1919.png 0 1 0 0 0 0 0 0 0 0 0 0 0 0 0 0 0 0 0 0
im0347.png 1 0 0 0 0 0 0 0 0 0 0 0 0 0 0 0 0 0 0 0
1800.png 0 1 0 0 0 0 0 0 0 0 0 0 0 0 0 0 0 0 0 0
aria_d_10_19.tif 1 0 0 0 0 0 0 0 0 0 0 0 0 0 0 0 0 0 0 0
1762.png 0 0 1 0 0 0 0 0 0 0 0 0 0 0 0 0 0 0 0 0
1114.png 0 0 0 0 0 0 0 0 0 0 0 0 0 0 0 0 0 0 1 0
636.png 0 0 0 1 1 0 0 0 0 0 0 0 0 0 0 0 0 0 0 0
1769.png 0 0 1 0 0 0 0 0 0 0 0 0 0 0 0 0 0 0 0 0
948.png 1 0 1 0 0 0 0 0 0 0 0 0 0 0 0 0 0 0 0 0
181.png 0 0 0 0 0 0 1 0 0 0 0 0 0 0 0 0 0 0 0 0
aria_c_5_4.tif 0 1 0 0 0 0 0 0 0 0 0 0 0 0 0 0 0 0 0 0
282.png 0 0 0 0 0 0 0 0 1 0 0 0 0 0 0 0 0 0 0 0
688.png 0 0 0 0 0 0 0 0 0 0 0 0 0 1 0 0 0 0 0 0
380.png 0 0 1 0 1 0 0 0 0 0 0 0 0 0 0 0 0 0 0 0
1665.png 1 0 0 0 0 0 0 0 0 0 0 0 0 0 0 0 0 0 0 0
83.png 0 1 0 0 0 0 0 0 0 0 0 0 0 0 0 0 0 0 0 0
1036.png 1 0 0 0 0 0 0 0 0 0 0 0 0 0 0 0 0 0 0 0
aria_c_6_5.tif 0 1 0 0 0 0 0 0 0 0 0 0 0 0 0 0 0 0 0 0
759.png 1 0 0 0 0 0 0 0 0 0 0 0 0 0 0 0 0 0 0 0
im0036.png 0 0 0 0 0 1 0 0 0 0 0 1 0 0 0 0 0 0 0 0
1460.png 0 0 0 0 0 0 0 0 0 0 0 0 0 0 0 0 0 0 0 1
im0061.png 0 0 0 0 0 1 0 0 0 0 0 1 0 0 0 0 1 0 0 0
1026.png 1 0 0 0 0 0 0 0 0 0 0 0 0 0 0 0 0 0 0 0
1622.png 0 0 0 0 1 1 0 0 0 0 0 0 0 0 0 0 0 0 0 0
im0146.png 0 0 0 0 0 0 0 0 0 0 0 0 0 0 0 0 0 0 0 1
634.png 0 0 1 1 1 0 0 0 0 0 0 0 0 0 0 0 0 0 0 0
im0316.png 0 0 0 0 0 0 0 0 0 0 0 0 0 0 0 0 0 0 0 1
821.png 0 0 1 0 0 0 0 0 0 0 0 0 0 0 0 0 0 0 0 0
1197.png 1 0 0 0 0 0 0 0 0 1 0 0 0 0 0 0 0 0 0 0
108.png 0 0 0 0 0 0 0 1 0 0 0 0 0 0 0 0 0 0 0 0
1220.png 0 0 0 0 0 0 1 0 0 0 0 0 0 0 0 0 0 0 0 0
838.png 0 0 0 0 0 0 0 0 0 0 1 0 0 0 0 0 0 0 0 0
im0026.png 0 0 0 0 0 0 0 0 0 0 1 0 0 0 0 0 0 0 0 0
im0300.png 0 0 0 0 0 0 0 0 0 0 0 0 1 0 0 0 0 0 0 0
571.png 0 0 0 1 0 0 0 1 0 0 0 0 0 0 0 0 0 0 0 0
1369.png 0 0 0 1 0 0 0 0 0 0 0 0 0 0 0 0 0 0 0 0
517.png 0 0 0 0 0 0 0 0 1 0 0 0 0 0 0 0 0 0 0 0
im0137.png 1 0 0 0 0 0 0 0 0 0 0 0 0 0 0 0 0 0 0 0
1061.png 1 0 0 0 0 0 0 0 0 0 0 0 0 0 0 0 0 0 0 0
903.png 0 0 1 0 0 0 0 0 0 0 0 0 0 0 0 0 0 0 0 0
196.png 1 0 0 0 0 0 0 0 0 0 0 0 0 0 1 0 0 0 0 0
aria_c_24_2.tif 0 1 0 0 0 0 0 0 0 0 0 0 0 0 0 0 0 0 0 0
1727.png 0 1 0 0 0 0 0 0 0 0 0 0 0 0 0 0 0 0 0 0
487.png 1 0 0 0 0 0 0 0 0 0 0 0 0 0 1 0 0 0 0 0
1495.png 0 0 0 0 0 0 1 0 0 0 0 0 0 0 0 0 0 0 0 0
226.png 0 0 0 0 0 0 1 0 0 0 0 0 0 0 0 0 0 0 0 0
1195.png 1 0 0 0 0 0 0 0 0 0 0 0 0 0 0 0 0 0 0 0
1533.png 1 0 0 0 0 0 0 0 0 0 0 0 0 0 0 0 0 0 0 0
378.png 0 1 0 0 0 0 0 0 0 0 0 0 0 0 0 0 0 0 0 0
988.png 0 0 0 0 0 0 1 0 0 0 0 0 0 0 0 0 0 0 0 0
1867.png 0 0 0 1 0 0 0 0 0 0 0 0 0 0 0 0 0 0 0 0
im0043.png 0 0 0 0 0 0 0 0 0 0 0 0 1 0 0 0 0 0 0 0
317.png 0 0 0 0 0 0 1 0 0 0 0 0 0 0 0 0 0 0 0 0
940.png 0 1 0 0 0 0 0 0 0 0 0 0 0 0 0 0 0 0 0 0
1713.png 0 0 0 0 0 0 0 1 0 0 0 0 0 0 0 0 0 0 0 0
im0270.png 0 0 0 0 0 1 0 0 0 0 0 1 0 0 0 0 0 0 0 0
32.png 0 0 0 1 0 0 0 0 0 0 0 0 0 0 0 0 0 0 0 0
im0272.png 0 0 0 0 0 0 0 0 0 0 0 0 0 0 0 0 1 0 0 0
1082.png 0 1 0 0 0 0 0 0 0 0 0 0 0 0 0 0 0 0 0 0
1420.png 1 0 0 0 0 0 0 0 0 0 0 0 0 0 0 0 0 0 0 0
1811.png 0 1 0 0 0 0 0 0 0 0 0 0 0 0 0 0 0 0 0 0
(0018)aria_d_26.tif 1 0 0 0 0 0 0 0 0 0 0 0 0 0 0 0 0 0 0 0
im0004.png 0 0 0 0 0 0 0 0 0 0 0 0 0 0 0 0 0 0 0 1
300.png 0 0 0 0 0 0 0 0 0 0 0 0 0 0 0 0 0 0 0 1
1565.png 0 0 0 0 0 0 1 0 0 0 0 0 0 0 0 0 0 0 0 1
498.png 0 1 0 0 0 0 0 0 0 0 0 0 0 0 0 0 0 0 0 0
20.png 1 0 0 0 0 0 0 0 0 0 0 0 0 0 0 0 0 0 0 0
im0212.png 0 0 0 0 0 0 0 0 0 0 0 0 0 0 0 0 1 0 0 1
1321.png 0 1 0 0 0 0 0 0 0 0 0 0 0 0 0 0 0 0 0 0
im0332.png 0 0 0 0 0 0 0 0 0 0 1 0 0 0 0 0 1 0 0 0
1385.png 0 0 1 1 1 0 0 0 0 0 0 0 0 0 0 0 0 0 0 0
1427.png 0 0 0 0 0 0 0 0 0 0 0 0 0 0 0 0 0 0 0 1
1661.png 1 0 0 0 0 0 0 0 0 0 0 0 0 0 0 0 0 0 0 0
1066.png 1 0 0 0 0 0 0 0 0 0 0 0 0 0 0 0 0 0 0 0
1895.png 0 1 0 0 0 0 0 0 0 0 0 0 0 0 0 0 0 0 0 0
1423.png 0 0 0 0 0 0 0 0 0 0 0 0 0 1 0 0 0 0 0 0
